real,prediction,index,identifier,chunk,split
0,0,0,58,0,test
1,1,1,179,1,test
1,1,2,97,1,test
0,1,3,289,2,test
0,0,4,223,1,test
0,0,5,91,2,test
0,0,6,100,2,test
1,1,7,257,2,test
1,1,8,308,2,test
0,0,9,302,2,test
1,1,10,140,0,test
0,0,11,223,3,test
0,0,12,31,2,test
1,1,13,44,1,test
1,1,14,145,1,test
0,0,15,196,0,test
0,0,16,124,0,test
1,0,17,96,1,test
1,0,18,35,2,test
1,1,19,66,1,test
0,0,20,189,1,test
0,0,21,178,2,test
0,0,22,15,2,test
0,0,23,21,2,test
1,1,24,299,0,test
1,1,25,122,1,test
0,0,26,26,2,test
0,0,27,27,1,test
0,0,28,301,1,test
1,1,29,103,1,test
1,1,30,282,2,test
0,0,31,333,0,test
1,1,32,139,0,test
1,1,33,222,1,test
1,0,34,231,2,test
1,1,35,182,2,test
0,0,36,141,2,test
0,0,37,10,0,test
1,1,38,259,1,test
1,1,39,111,1,test
1,1,40,292,2,test
1,1,41,265,0,test
1,1,42,226,0,test
1,1,43,133,2,test
0,1,44,69,0,test
0,0,45,153,1,test
1,1,46,250,0,test
1,1,47,206,6,test
1,1,48,228,2,test
0,0,49,195,1,test
0,0,50,169,1,test
1,1,51,299,3,test
1,1,52,167,2,test
1,1,53,218,0,test
1,1,54,232,0,test
0,0,55,134,0,test
1,1,56,222,0,test
0,0,57,33,2,test
0,0,58,104,2,test
1,0,59,133,6,test
0,0,60,287,0,test
1,1,61,65,2,test
0,0,62,333,2,test
0,1,63,123,0,test
1,1,64,150,1,test
1,1,65,322,1,test
1,1,66,133,1,test
0,0,67,305,1,test
0,0,68,34,1,test
0,0,69,127,2,test
0,1,70,177,2,test
0,0,71,118,2,test
0,0,72,98,1,test
1,1,73,18,0,test
0,0,74,255,2,test
1,1,75,140,1,test
1,1,76,219,2,test
0,0,77,113,0,test
0,0,78,275,1,test
0,0,79,7,1,test
1,0,80,251,3,test
1,0,81,211,2,test
0,0,82,158,0,test
1,1,83,323,0,test
0,0,84,115,1,test
0,0,85,113,3,test
1,1,86,138,0,test
1,1,87,278,0,test
0,0,88,207,0,test
1,1,89,43,3,test
1,1,90,75,1,test
1,1,91,249,3,test
0,0,92,253,2,test
1,1,93,306,2,test
1,1,94,249,6,test
0,0,95,91,1,test
1,1,96,277,0,test
0,0,97,15,0,test
1,1,98,221,0,test
1,1,99,92,3,test
0,0,100,158,1,test
1,1,101,23,2,test
0,0,102,181,1,test
1,1,103,3,1,test
1,1,104,167,0,test
0,0,105,198,1,test
1,1,106,49,1,test
0,0,107,62,2,test
1,1,108,270,1,test
1,1,109,303,0,test
0,0,110,238,0,test
1,0,111,190,1,test
1,0,112,161,2,test
1,1,113,204,2,test
0,0,114,30,0,test
0,0,115,25,2,test
1,1,116,150,0,test
1,0,117,54,2,test
1,1,118,107,2,test
1,1,119,155,2,test
1,1,120,237,0,test
0,0,121,78,0,test
0,0,122,198,2,test
1,0,123,149,1,test
1,1,124,94,0,test
1,1,125,93,1,test
0,0,126,174,2,test
0,0,127,169,2,test
0,0,128,183,1,test
1,0,129,96,2,test
1,1,130,281,1,test
1,1,131,102,0,test
0,0,132,164,1,test
1,0,133,24,1,test
1,1,134,63,0,test
0,0,135,134,2,test
1,1,136,252,2,test
1,1,137,212,2,test
0,0,138,153,0,test
1,0,139,12,2,test
0,0,140,9,2,test
1,1,141,237,2,test
1,1,142,43,0,test
1,1,143,16,2,test
1,1,144,86,2,test
1,1,145,110,0,test
0,0,146,165,0,test
1,1,147,92,1,test
1,1,148,94,1,test
0,0,149,1,0,test
0,0,150,245,1,test
0,0,151,284,1,test
1,1,152,162,0,test
0,0,153,245,2,test
0,0,154,310,0,test
0,0,155,258,0,test
1,1,156,218,2,test
0,0,157,17,2,test
0,0,158,19,1,test
0,0,159,68,0,test
1,1,160,322,2,test
0,0,161,31,1,test
1,1,162,307,2,test
0,0,163,101,1,test
1,0,164,139,2,test
1,0,165,282,1,test
0,0,166,52,2,test
1,1,167,268,0,test
0,1,168,77,1,test
0,0,169,60,2,test
1,0,170,108,0,test
0,0,171,291,1,test
0,0,172,20,1,test
1,1,173,87,1,test
0,0,174,20,2,test
0,0,175,56,0,test
0,0,176,4,0,test
0,0,177,286,0,test
1,0,178,308,0,test
0,0,179,334,2,test
1,1,180,313,1,test
0,0,181,187,1,test
0,0,182,260,1,test
1,1,183,97,0,test
0,0,184,185,0,test
0,0,185,321,1,test
0,0,186,287,1,test
1,0,187,171,1,test
0,0,188,225,0,test
0,0,189,300,0,test
1,1,190,208,1,test
1,0,191,272,1,test
1,0,192,83,2,test
0,0,193,0,2,test
1,1,194,149,0,test
1,1,195,171,2,test
1,1,196,320,1,test
1,0,197,249,7,test
1,1,198,312,1,test
1,1,199,96,3,test
1,0,200,171,0,test
1,1,201,256,3,test
1,0,202,73,1,test
0,0,203,116,2,test
0,0,204,205,0,test
1,1,205,154,0,test
1,1,206,193,1,test
1,0,207,108,2,test
0,0,208,310,1,test
1,1,209,278,1,test
0,0,210,104,1,test
0,0,211,260,0,test
1,1,212,82,0,test
0,0,213,183,2,test
0,0,214,205,3,test
0,0,215,315,2,test
1,1,216,215,2,test
0,1,217,77,0,test
0,0,218,295,1,test
1,0,219,249,5,test
0,0,220,33,1,test
0,0,221,185,2,test
1,1,222,16,3,test
1,1,223,67,1,test
0,0,224,37,2,test
1,0,225,125,1,test
0,0,226,8,0,test
1,0,227,22,1,test
1,1,228,80,3,test
1,1,229,13,3,test
0,1,230,184,2,test
0,0,231,100,1,test
1,1,232,105,0,test
1,1,233,86,0,test
1,0,234,133,7,test
1,1,235,272,3,test
1,1,236,318,2,test
1,1,237,154,1,test
1,1,238,166,0,test
0,0,239,285,0,test
0,0,240,185,1,test
0,0,241,129,0,test
0,0,242,230,3,test
0,0,243,271,0,test
0,0,244,184,1,test
0,0,245,325,2,test
1,0,246,66,0,test
1,1,247,227,0,test
0,0,248,325,1,test
1,0,249,221,2,test
1,1,250,88,1,test
0,1,251,177,1,test
1,1,252,18,1,test
0,0,253,120,0,test
1,1,254,130,1,test
1,0,255,28,2,test
1,1,256,208,2,test
0,0,257,332,0,test
1,1,258,294,0,test
0,0,259,169,0,test
1,1,260,119,2,test
1,1,261,256,1,test
0,0,262,57,1,test
1,1,263,157,1,test
0,0,264,90,1,test
0,1,265,34,2,test
0,0,266,113,2,test
1,1,267,175,1,test
0,0,268,247,0,test
0,0,269,187,2,test
1,1,270,105,2,test
1,1,271,202,2,test
1,0,272,82,1,test
1,1,273,110,2,test
1,1,274,160,0,test
0,0,275,165,1,test
0,0,276,253,3,test
1,1,277,43,1,test
1,1,278,103,0,test
0,0,279,260,2,test
0,0,280,129,2,test
0,0,281,195,2,test
0,0,282,266,0,test
0,0,283,9,1,test
1,1,284,51,2,test
0,0,285,78,1,test
1,1,286,110,1,test
0,0,287,104,3,test
0,0,288,247,1,test
0,0,289,127,1,test
0,0,290,286,1,test
0,0,291,235,2,test
1,1,292,170,1,test
0,0,293,20,0,test
1,1,294,237,1,test
0,0,295,287,2,test
1,1,296,80,1,test
1,1,297,288,2,test
0,0,298,210,0,test
1,1,299,70,0,test
1,1,300,74,2,test
0,0,301,316,2,test
0,0,302,263,1,test
1,0,303,143,0,test
1,1,304,252,0,test
0,0,305,314,2,test
0,0,306,78,2,test
1,1,307,188,0,test
0,0,308,137,1,test
1,0,309,22,0,test
1,1,310,29,1,test
0,0,311,10,2,test
0,0,312,225,1,test
0,0,313,81,2,test
1,1,314,64,1,test
1,0,315,211,0,test
1,1,316,203,0,test
1,1,317,281,0,test
1,1,318,24,0,test
0,0,319,26,0,test
1,1,320,114,2,test
0,0,321,25,1,test
1,1,322,200,0,test
1,1,323,145,2,test
1,0,324,161,0,test
0,0,325,189,0,test
1,1,326,318,0,test
0,0,327,316,0,test
1,1,328,111,2,test
0,1,329,1,2,test
1,1,330,97,2,test
1,1,331,192,1,test
1,1,332,32,2,test
0,0,333,30,1,test
1,1,334,226,2,test
1,0,335,269,2,test
1,1,336,99,0,test
1,1,337,168,1,test
0,0,338,301,2,test
1,0,339,88,2,test
0,0,340,84,0,test
1,1,341,166,1,test
1,1,342,151,1,test
1,0,343,208,0,test
1,1,344,151,2,test
1,1,345,304,1,test
0,0,346,183,0,test
0,0,347,37,0,test
0,0,348,146,0,test
0,0,349,79,0,test
0,0,350,136,0,test
0,0,351,90,0,test
1,1,352,132,1,test
1,1,353,3,0,test
1,1,354,270,0,test
0,0,355,62,0,test
1,1,356,212,1,test
0,1,357,25,0,test
1,1,358,149,2,test
0,0,359,172,2,test
0,0,360,217,1,test
1,1,361,76,0,test
0,0,362,116,1,test
1,1,363,66,2,test
1,1,364,250,1,test
1,0,365,143,1,test
1,1,366,168,0,test
1,1,367,72,0,test
0,0,368,298,0,test
1,1,369,182,1,test
1,1,370,233,0,test
1,0,371,276,1,test
1,1,372,55,2,test
1,1,373,324,0,test
1,1,374,155,0,test
1,1,375,144,2,test
0,0,376,172,1,test
1,0,377,249,0,test
1,1,378,133,3,test
1,1,379,226,1,test
0,0,380,2,1,test
0,0,381,284,2,test
1,1,382,48,1,test
1,1,383,112,1,test
1,0,384,190,0,test
1,1,385,70,2,test
1,1,386,103,2,test
1,1,387,277,2,test
1,1,388,229,0,test
0,1,389,271,1,test
1,0,390,206,2,test
1,0,391,200,1,test
0,0,392,217,0,test
1,1,393,133,5,test
0,0,394,302,1,test
1,1,395,323,2,test
1,1,396,200,2,test
0,1,397,283,0,test
0,0,398,300,2,test
0,0,399,205,2,test
1,1,400,248,0,test
1,1,401,233,2,test
1,0,402,51,0,test
1,1,403,72,1,test
0,0,404,141,0,test
1,1,405,312,2,test
1,1,406,67,0,test
0,0,407,266,2,test
1,1,408,24,2,test
0,0,409,46,1,test
1,1,410,95,1,test
1,0,411,331,2,test
1,1,412,140,2,test
0,0,413,178,0,test
1,1,414,254,1,test
1,1,415,13,2,test
1,1,416,265,2,test
1,0,417,42,0,test
1,0,418,193,2,test
0,0,419,224,0,test
0,0,420,98,0,test
0,0,421,128,2,test
1,1,422,166,2,test
1,1,423,264,1,test
1,1,424,167,1,test
1,1,425,274,0,test
0,0,426,325,0,test
0,0,427,0,0,test
0,0,428,209,0,test
0,0,429,113,1,test
0,0,430,120,1,test
1,1,431,99,2,test
0,0,432,247,2,test
0,0,433,199,2,test
0,0,434,137,0,test
1,1,435,186,2,test
1,1,436,323,1,test
0,0,437,148,1,test
1,1,438,54,0,test
0,0,439,39,1,test
1,0,440,156,1,test
0,0,441,164,0,test
1,1,442,194,1,test
0,0,443,314,1,test
1,1,444,28,0,test
1,1,445,324,3,test
0,0,446,57,0,test
1,1,447,114,0,test
1,0,448,163,0,test
1,1,449,86,1,test
0,0,450,296,1,test
1,1,451,311,0,test
0,0,452,21,1,test
1,0,453,92,0,test
1,1,454,41,1,test
1,1,455,94,2,test
0,0,456,165,2,test
1,1,457,102,3,test
0,0,458,45,1,test
0,0,459,164,2,test
0,0,460,240,2,test
0,0,461,224,1,test
1,0,462,42,2,test
0,0,463,106,1,test
1,1,464,281,3,test
1,1,465,51,1,test
0,0,466,9,0,test
0,0,467,198,0,test
0,0,468,61,0,test
0,0,469,153,3,test
0,0,470,223,2,test
0,0,471,135,0,test
1,1,472,193,0,test
0,0,473,53,0,test
0,0,474,319,1,test
1,1,475,44,0,test
1,0,476,54,1,test
0,0,477,2,0,test
0,0,478,224,2,test
0,0,479,173,1,test
1,1,480,311,1,test
0,0,481,180,1,test
1,0,482,22,2,test
0,0,483,321,0,test
1,1,484,303,1,test
1,1,485,75,2,test
0,0,486,45,2,test
1,1,487,274,3,test
1,1,488,74,1,test
0,0,489,69,2,test
1,1,490,67,2,test
1,1,491,231,0,test
1,1,492,41,2,test
0,0,493,334,0,test
0,0,494,180,2,test
1,0,495,229,2,test
1,1,496,133,0,test
0,0,497,58,1,test
1,1,498,13,0,test
0,0,499,214,2,test
0,0,500,34,0,test
1,0,501,276,2,test
0,0,502,17,0,test
1,0,503,160,1,test
0,0,504,244,2,test
0,0,505,199,0,test
1,1,506,150,2,test
0,0,507,146,1,test
1,1,508,299,1,test
0,0,509,135,2,test
0,0,510,7,2,test
1,1,511,163,1,test
1,0,512,206,3,test
1,1,513,186,1,test
1,1,514,243,0,test
0,0,515,115,0,test
1,1,516,281,2,test
0,0,517,120,2,test
0,0,518,142,0,test
1,0,519,83,1,test
1,1,520,188,1,test
1,1,521,239,0,test
1,1,522,138,2,test
0,0,523,124,1,test
1,1,524,55,1,test
1,1,525,5,2,test
0,0,526,174,1,test
1,1,527,257,0,test
1,0,528,18,2,test
1,1,529,85,2,test
1,1,530,307,1,test
1,1,531,87,2,test
1,0,532,206,1,test
0,0,533,115,2,test
0,0,534,216,0,test
0,0,535,291,0,test
1,1,536,243,3,test
0,0,537,214,0,test
1,1,538,313,2,test
0,0,539,142,2,test
0,1,540,123,3,test
0,0,541,255,1,test
1,1,542,234,3,test
0,0,543,118,0,test
1,0,544,130,0,test
1,1,545,23,0,test
1,0,546,306,0,test
1,0,547,156,0,test
0,0,548,197,1,test
1,1,549,36,0,test
1,1,550,131,2,test
0,0,551,27,2,test
1,1,552,320,2,test
0,0,553,301,0,test
0,0,554,213,0,test
0,0,555,214,3,test
1,1,556,3,2,test
0,1,557,124,2,test
0,0,558,187,0,test
0,0,559,275,2,test
1,1,560,13,1,test
0,0,561,52,1,test
1,1,562,131,1,test
0,0,563,263,0,test
1,0,564,133,4,test
1,1,565,170,0,test
1,1,566,306,1,test
0,0,567,329,0,test
1,1,568,239,2,test
1,1,569,327,0,test
0,0,570,81,0,test
1,1,571,105,1,test
0,0,572,4,3,test
1,1,573,220,2,test
1,1,574,102,1,test
0,0,575,263,2,test
1,1,576,70,1,test
0,0,577,56,1,test
0,0,578,31,0,test
1,1,579,162,2,test
0,0,580,7,0,test
1,1,581,112,0,test
1,0,582,234,0,test
1,1,583,299,2,test
0,0,584,246,1,test
1,0,585,107,0,test
0,0,586,134,1,test
1,1,587,194,0,test
0,0,588,319,2,test
1,0,589,64,0,test
1,1,590,292,0,test
1,0,591,29,0,test
0,0,592,235,0,test
0,0,593,21,0,test
1,1,594,218,1,test
0,0,595,89,2,test
1,1,596,278,3,test
0,0,597,135,1,test
0,0,598,47,3,test
1,1,599,23,1,test
1,1,600,254,2,test
1,1,601,182,0,test
1,0,602,139,1,test
0,0,603,59,1,test
1,1,604,85,1,test
1,1,605,75,0,test
1,1,606,152,0,test
1,1,607,324,1,test
1,1,608,175,0,test
1,1,609,36,3,test
0,0,610,283,2,test
0,0,611,159,2,test
1,1,612,194,2,test
0,0,613,209,1,test
0,0,614,39,2,test
1,1,615,36,2,test
1,1,616,147,3,test
1,1,617,242,2,test
0,0,618,17,1,test
0,0,619,189,2,test
0,0,620,236,1,test
1,1,621,317,1,test
0,0,622,116,0,test
0,0,623,84,2,test
0,0,624,14,0,test
1,1,625,109,2,test
0,0,626,61,2,test
1,1,627,32,0,test
0,0,628,290,1,test
1,1,629,276,0,test
1,0,630,317,0,test
1,1,631,256,2,test
1,0,632,83,0,test
0,0,633,283,1,test
1,1,634,138,1,test
0,1,635,236,2,test
1,0,636,96,0,test
1,1,637,107,1,test
0,0,638,236,0,test
0,0,639,98,2,test
0,1,640,46,2,test
0,0,641,39,0,test
1,1,642,273,0,test
0,0,643,285,1,test
0,0,644,15,1,test
1,1,645,111,0,test
1,1,646,322,0,test
1,1,647,44,2,test
1,1,648,147,0,test
1,1,649,125,2,test
1,1,650,328,1,test
0,0,651,101,0,test
1,0,652,6,0,test
1,1,653,280,2,test
1,1,654,274,1,test
1,1,655,280,1,test
0,0,656,128,1,test
1,1,657,167,3,test
0,0,658,217,2,test
1,0,659,12,1,test
1,1,660,55,0,test
0,0,661,77,2,test
1,1,662,288,0,test
0,0,663,329,2,test
1,0,664,262,0,test
0,1,665,298,2,test
1,1,666,48,0,test
1,0,667,201,1,test
0,0,668,207,1,test
0,0,669,90,2,test
0,0,670,197,0,test
1,1,671,313,0,test
0,0,672,178,1,test
0,0,673,258,2,test
1,1,674,5,1,test
0,0,675,40,0,test
0,0,676,101,2,test
1,1,677,80,2,test
0,0,678,230,1,test
0,0,679,329,3,test
0,0,680,60,0,test
1,1,681,36,1,test
0,0,682,285,2,test
1,1,683,190,2,test
0,0,684,56,2,test
1,1,685,95,0,test
1,1,686,264,0,test
0,0,687,275,0,test
1,1,688,252,1,test
0,0,689,240,0,test
1,1,690,232,1,test
1,0,691,161,1,test
1,1,692,117,0,test
1,0,693,13,4,test
0,0,694,316,1,test
1,0,695,49,0,test
1,1,696,326,0,test
0,0,697,53,2,test
1,1,698,5,0,test
0,0,699,159,1,test
0,0,700,14,2,test
0,0,701,60,1,test
1,1,702,292,1,test
1,0,703,160,2,test
0,0,704,238,1,test
0,0,705,253,0,test
1,0,706,149,3,test
0,0,707,89,1,test
1,1,708,250,2,test
1,1,709,229,1,test
1,0,710,71,1,test
0,0,711,8,1,test
1,0,712,272,2,test
0,0,713,136,1,test
1,1,714,326,1,test
1,1,715,114,1,test
1,1,716,72,2,test
1,1,717,12,0,test
0,0,718,209,2,test
0,0,719,330,0,test
1,1,720,117,2,test
0,0,721,146,2,test
0,0,722,330,1,test
1,1,723,215,1,test
0,0,724,295,2,test
0,0,725,246,2,test
1,1,726,304,2,test
0,0,727,61,1,test
0,0,728,297,1,test
0,0,729,300,1,test
1,1,730,157,0,test
0,1,731,330,2,test
0,0,732,289,0,test
0,0,733,181,2,test
0,0,734,50,0,test
0,0,735,213,1,test
0,0,736,309,2,test
0,0,737,50,2,test
1,0,738,221,1,test
0,0,739,246,0,test
0,0,740,47,2,test
0,0,741,238,2,test
0,0,742,245,0,test
1,1,743,262,2,test
1,0,744,35,0,test
1,1,745,71,2,test
0,0,746,290,2,test
1,1,747,32,1,test
1,0,748,132,2,test
1,1,749,132,0,test
0,0,750,260,3,test
0,0,751,184,0,test
1,1,752,292,3,test
0,0,753,210,2,test
0,0,754,37,1,test
1,0,755,16,1,test
0,0,756,47,1,test
0,0,757,127,0,test
0,0,758,332,1,test
1,1,759,65,1,test
1,0,760,206,4,test
0,0,761,293,1,test
1,1,762,265,1,test
0,0,763,2,2,test
1,1,764,280,0,test
0,0,765,11,2,test
0,0,766,141,1,test
0,0,767,205,1,test
1,1,768,80,0,test
1,1,769,95,2,test
1,1,770,259,2,test
1,0,771,179,0,test
0,0,772,196,1,test
1,1,773,248,2,test
0,0,774,293,2,test
1,1,775,288,1,test
1,1,776,82,2,test
1,1,777,192,0,test
1,1,778,93,2,test
1,1,779,130,2,test
0,1,780,47,0,test
1,1,781,273,2,test
0,0,782,244,0,test
1,0,783,201,3,test
0,0,784,309,0,test
0,0,785,172,0,test
1,1,786,274,2,test
1,1,787,152,1,test
0,0,788,223,0,test
0,0,789,46,0,test
0,0,790,45,3,test
1,1,791,262,1,test
1,1,792,108,1,test
1,1,793,328,0,test
1,0,794,307,0,test
1,1,795,206,5,test
1,1,796,241,2,test
1,1,797,109,1,test
1,1,798,145,0,test
1,1,799,102,2,test
0,1,800,58,2,test
1,1,801,38,2,test
0,0,802,297,0,test
0,0,803,191,1,test
0,0,804,45,0,test
0,0,805,235,1,test
1,1,806,328,2,test
0,0,807,62,1,test
0,0,808,191,2,test
1,1,809,88,0,test
1,1,810,92,2,test
0,0,811,296,0,test
0,0,812,126,0,test
1,1,813,38,1,test
0,0,814,57,2,test
1,1,815,63,3,test
0,0,816,136,2,test
0,0,817,77,3,test
1,1,818,131,0,test
1,1,819,270,2,test
0,0,820,266,1,test
0,0,821,315,1,test
1,1,822,267,2,test
1,1,823,308,1,test
0,0,824,40,2,test
1,0,825,201,0,test
0,0,826,126,2,test
1,1,827,272,4,test
1,0,828,268,2,test
0,0,829,230,2,test
1,0,830,317,2,test
0,0,831,69,1,test
1,1,832,202,0,test
1,1,833,318,1,test
0,0,834,296,2,test
1,1,835,279,1,test
1,1,836,320,0,test
0,0,837,196,2,test
0,0,838,291,2,test
1,0,839,264,2,test
0,0,840,121,2,test
1,0,841,331,1,test
1,0,842,251,2,test
0,0,843,158,3,test
0,0,844,84,1,test
0,0,845,284,0,test
0,0,846,137,2,test
1,1,847,154,2,test
0,0,848,258,1,test
1,0,849,35,1,test
0,0,850,216,2,test
1,0,851,73,2,test
0,0,852,302,0,test
0,0,853,191,0,test
0,0,854,210,1,test
1,1,855,117,1,test
1,1,856,257,1,test
0,1,857,207,2,test
0,0,858,293,0,test
1,1,859,74,0,test
0,0,860,255,0,test
1,1,861,272,5,test
1,1,862,212,0,test
0,0,863,100,0,test
1,1,864,204,1,test
0,0,865,129,1,test
1,1,866,312,0,test
1,1,867,222,2,test
1,1,868,112,2,test
0,0,869,81,1,test
1,1,870,233,1,test
0,0,871,197,2,test
0,0,872,199,1,test
0,0,873,89,0,test
0,0,874,118,1,test
0,0,875,121,0,test
1,0,876,71,0,test
1,1,877,327,2,test
1,1,878,282,0,test
1,1,879,147,2,test
1,1,880,109,0,test
1,1,881,157,2,test
1,0,882,201,2,test
0,0,883,333,1,test
1,1,884,249,4,test
0,0,885,106,2,test
0,0,886,315,0,test
0,0,887,195,0,test
0,0,888,321,2,test
1,1,889,278,2,test
1,0,890,203,1,test
1,1,891,294,1,test
0,0,892,174,0,test
0,0,893,213,2,test
0,0,894,181,0,test
1,0,895,249,2,test
0,0,896,26,1,test
1,1,897,76,3,test
1,1,898,219,0,test
1,1,899,303,2,test
1,1,900,49,2,test
1,1,901,163,2,test
0,0,902,11,1,test
1,0,903,168,2,test
0,0,904,53,1,test
1,0,905,206,0,test
0,0,906,309,1,test
0,0,907,314,0,test
1,1,908,294,2,test
1,1,909,151,0,test
0,0,910,230,0,test
1,1,911,279,2,test
1,1,912,29,2,test
0,0,913,176,1,test
1,1,914,76,1,test
1,1,915,232,2,test
1,1,916,269,1,test
0,0,917,180,0,test
0,0,918,216,1,test
1,1,919,144,0,test
1,1,920,277,1,test
0,0,921,173,0,test
1,1,922,267,1,test
0,0,923,305,0,test
1,1,924,65,0,test
0,1,925,123,2,test
1,0,926,249,1,test
0,1,927,271,2,test
1,1,928,125,0,test
0,0,929,240,1,test
0,1,930,295,0,test
0,0,931,68,2,test
0,0,932,1,1,test
1,1,933,241,0,test
1,1,934,202,1,test
1,1,935,311,2,test
1,1,936,192,2,test
1,1,937,231,1,test
1,1,938,170,2,test
1,1,939,227,2,test
0,0,940,319,0,test
0,0,941,214,1,test
0,0,942,30,2,test
1,1,943,251,0,test
1,1,944,228,1,test
1,1,945,179,2,test
0,0,946,128,0,test
1,0,947,156,2,test
0,0,948,14,1,test
0,0,949,10,1,test
0,0,950,289,1,test
0,0,951,244,1,test
1,1,952,261,1,test
1,1,953,63,1,test
1,1,954,42,1,test
0,0,955,8,2,test
0,0,956,305,2,test
1,1,957,73,0,test
1,1,958,152,2,test
1,1,959,242,1,test
1,1,960,119,0,test
0,1,961,91,0,test
1,1,962,131,3,test
1,0,963,211,1,test
0,1,964,123,1,test
1,1,965,186,0,test
1,1,966,155,1,test
1,1,967,43,2,test
0,0,968,19,0,test
1,1,969,147,1,test
1,1,970,204,0,test
0,0,971,40,1,test
1,0,972,331,3,test
1,1,973,162,1,test
1,0,974,261,0,test
0,0,975,329,1,test
0,0,976,19,2,test
0,0,977,253,1,test
0,0,978,4,2,test
1,1,979,48,2,test
1,1,980,12,3,test
0,0,981,153,2,test
1,1,982,119,1,test
0,0,983,59,0,test
1,1,984,239,1,test
0,0,985,68,1,test
0,0,986,286,2,test
1,0,987,248,1,test
1,0,988,16,0,test
1,1,989,273,1,test
0,0,990,106,0,test
1,0,991,234,2,test
0,0,992,225,2,test
1,1,993,227,1,test
1,1,994,93,0,test
1,1,995,220,0,test
0,0,996,79,1,test
1,1,997,228,0,test
1,1,998,144,1,test
0,0,999,142,1,test
1,1,1000,85,0,test
1,1,1001,254,0,test
1,1,1002,269,0,test
0,0,1003,84,3,test
0,0,1004,310,2,test
0,0,1005,334,1,test
1,1,1006,63,2,test
0,0,1007,50,1,test
0,0,1008,173,2,test
1,0,1009,228,3,test
0,0,1010,126,1,test
1,1,1011,220,1,test
0,0,1012,148,2,test
1,1,1013,256,0,test
1,1,1014,242,0,test
0,0,1015,33,0,test
0,0,1016,177,0,test
1,1,1017,122,2,test
0,0,1018,0,1,test
1,1,1019,324,2,test
0,0,1020,332,2,test
1,1,1021,175,2,test
0,0,1022,290,0,test
1,0,1023,24,3,test
1,0,1024,64,2,test
0,0,1025,11,0,test
1,1,1026,243,1,test
0,0,1027,158,2,test
1,0,1028,331,0,test
1,1,1029,28,1,test
1,1,1030,279,0,test
0,0,1031,176,2,test
1,1,1032,243,2,test
1,1,1033,76,2,test
0,0,1034,4,1,test
1,1,1035,99,1,test
1,0,1036,188,2,test
1,1,1037,122,0,test
0,0,1038,52,0,test
1,1,1039,261,2,test
1,1,1040,6,1,test
1,0,1041,203,2,test
1,1,1042,259,0,test
0,1,1043,176,0,test
1,1,1044,327,1,test
1,1,1045,215,0,test
0,0,1046,298,1,test
0,0,1047,59,2,test
1,1,1048,304,0,test
1,1,1049,219,1,test
0,0,1050,159,0,test
0,0,1051,148,0,test
1,1,1052,267,0,test
1,1,1053,234,1,test
0,0,1054,79,2,test
1,1,1055,6,2,test
1,0,1056,143,2,test
1,1,1057,87,0,test
0,0,1058,297,2,test
0,0,1059,121,1,test
1,1,1060,251,1,test
1,1,1061,107,3,test
1,1,1062,241,1,test
1,1,1063,41,0,test
1,1,1064,272,0,test
0,0,1065,27,0,test
0,0,1066,104,0,test
1,1,1067,145,3,test
1,1,1068,38,0,test
1,1,1069,326,2,test
1,1,1070,268,1,test
0,0,0,40,0,validation
0,0,1,27,0,validation
1,1,2,139,2,validation
1,0,3,82,0,validation
0,0,4,21,2,validation
0,0,5,56,0,validation
1,1,6,91,1,validation
1,1,7,129,0,validation
1,0,8,49,2,validation
1,0,9,50,1,validation
1,1,10,48,0,validation
0,1,11,152,1,validation
1,1,12,22,1,validation
0,1,13,148,2,validation
0,0,14,128,2,validation
1,1,15,25,0,validation
1,1,16,110,0,validation
1,1,17,17,2,validation
0,0,18,23,1,validation
1,1,19,57,0,validation
1,1,20,88,0,validation
0,0,21,133,2,validation
1,1,22,9,1,validation
1,1,23,136,2,validation
1,1,24,104,0,validation
1,0,25,2,2,validation
1,1,26,146,0,validation
0,0,27,30,0,validation
0,0,28,58,2,validation
0,0,29,163,0,validation
1,1,30,54,0,validation
0,0,31,124,2,validation
1,1,32,85,0,validation
1,1,33,146,1,validation
1,1,34,20,1,validation
1,0,35,50,0,validation
0,0,36,160,1,validation
1,1,37,90,1,validation
1,1,38,24,2,validation
0,0,39,156,2,validation
1,1,40,55,2,validation
1,1,41,37,2,validation
0,0,42,73,0,validation
1,1,43,137,1,validation
1,1,44,153,2,validation
0,0,45,109,2,validation
0,0,46,42,2,validation
1,1,47,132,0,validation
0,0,48,0,2,validation
0,0,49,109,1,validation
1,1,50,132,1,validation
0,0,51,58,1,validation
0,0,52,121,0,validation
1,1,53,25,1,validation
1,1,54,158,1,validation
1,1,55,145,1,validation
1,0,56,80,0,validation
1,1,57,164,1,validation
1,1,58,33,2,validation
1,0,59,161,0,validation
0,0,60,70,1,validation
0,0,61,92,0,validation
0,0,62,10,1,validation
0,0,63,117,2,validation
1,1,64,154,2,validation
0,0,65,23,0,validation
0,0,66,0,0,validation
0,0,67,3,1,validation
1,1,68,97,1,validation
0,0,69,6,2,validation
1,0,70,32,2,validation
0,0,71,26,1,validation
0,0,72,42,1,validation
1,1,73,24,1,validation
1,1,74,162,1,validation
0,0,75,100,1,validation
0,0,76,5,2,validation
1,1,77,150,0,validation
0,0,78,44,1,validation
1,1,79,81,1,validation
1,1,80,134,0,validation
1,1,81,12,1,validation
0,0,82,148,3,validation
1,1,83,14,2,validation
1,1,84,90,0,validation
1,1,85,137,0,validation
0,0,86,130,2,validation
0,1,87,29,0,validation
1,0,88,102,1,validation
1,0,89,102,0,validation
1,1,90,76,1,validation
1,1,91,96,0,validation
1,1,92,153,1,validation
1,1,93,22,0,validation
1,1,94,79,1,validation
1,1,95,96,1,validation
0,0,96,119,1,validation
0,0,97,163,1,validation
0,0,98,159,2,validation
0,0,99,156,0,validation
1,1,100,88,1,validation
1,1,101,146,2,validation
1,0,102,104,1,validation
0,0,103,67,1,validation
0,0,104,66,0,validation
1,1,105,97,0,validation
0,0,106,126,0,validation
1,1,107,134,1,validation
1,1,108,79,2,validation
1,1,109,45,1,validation
0,0,110,106,1,validation
0,0,111,87,1,validation
1,0,112,142,1,validation
1,1,113,114,0,validation
0,0,114,27,2,validation
0,1,115,60,0,validation
1,1,116,24,0,validation
1,0,117,144,2,validation
1,1,118,4,2,validation
1,1,119,114,1,validation
1,1,120,113,0,validation
0,1,121,127,0,validation
0,0,122,5,3,validation
0,1,123,105,2,validation
1,0,124,142,2,validation
1,1,125,18,0,validation
0,0,126,78,2,validation
1,1,127,162,0,validation
1,1,128,144,1,validation
1,1,129,108,2,validation
1,1,130,139,1,validation
0,0,131,68,0,validation
0,0,132,7,2,validation
1,0,133,157,2,validation
1,1,134,13,1,validation
0,0,135,78,1,validation
0,0,136,100,0,validation
1,1,137,108,0,validation
0,0,138,40,2,validation
1,1,139,107,0,validation
1,1,140,9,2,validation
0,0,141,36,1,validation
0,0,142,128,0,validation
1,0,143,157,0,validation
1,1,144,80,1,validation
1,1,145,18,1,validation
1,1,146,65,2,validation
0,0,147,7,1,validation
0,0,148,5,1,validation
1,1,149,135,0,validation
0,0,150,21,0,validation
0,0,151,71,0,validation
0,0,152,99,0,validation
0,1,153,30,1,validation
1,1,154,155,1,validation
0,0,155,67,2,validation
0,0,156,7,0,validation
1,1,157,75,1,validation
1,1,158,85,1,validation
0,0,159,68,1,validation
1,1,160,1,1,validation
1,1,161,37,1,validation
1,1,162,14,1,validation
0,0,163,59,0,validation
0,0,164,5,0,validation
0,1,165,152,2,validation
0,0,166,117,1,validation
0,0,167,0,3,validation
0,0,168,103,1,validation
1,0,169,63,0,validation
0,0,170,19,1,validation
1,1,171,35,2,validation
1,1,172,104,2,validation
1,1,173,86,0,validation
1,1,174,9,0,validation
1,1,175,63,1,validation
1,1,176,84,1,validation
0,0,177,8,0,validation
1,1,178,2,0,validation
0,0,179,151,1,validation
1,1,180,35,0,validation
0,1,181,11,2,validation
0,0,182,51,0,validation
1,1,183,154,0,validation
1,1,184,38,0,validation
0,0,185,36,2,validation
0,0,186,56,2,validation
0,0,187,87,0,validation
0,0,188,62,1,validation
1,1,189,46,2,validation
0,0,190,121,2,validation
1,1,191,125,1,validation
0,0,192,73,1,validation
0,0,193,149,0,validation
0,0,194,73,2,validation
0,1,195,147,0,validation
1,1,196,45,2,validation
0,0,197,120,1,validation
0,0,198,21,1,validation
0,0,199,71,2,validation
1,1,200,54,1,validation
1,1,201,162,3,validation
0,1,202,124,0,validation
0,0,203,103,3,validation
0,0,204,62,2,validation
0,0,205,26,0,validation
1,1,206,35,1,validation
1,0,207,144,0,validation
1,0,208,47,0,validation
0,0,209,29,2,validation
1,0,210,49,1,validation
1,1,211,74,1,validation
1,1,212,107,1,validation
0,0,213,26,2,validation
1,1,214,33,1,validation
1,1,215,53,2,validation
1,0,216,53,0,validation
0,0,217,64,1,validation
1,1,218,164,0,validation
0,0,219,23,2,validation
1,1,220,145,0,validation
1,1,221,72,2,validation
1,1,222,155,0,validation
1,1,223,38,1,validation
0,1,224,92,1,validation
1,1,225,98,1,validation
0,0,226,123,0,validation
0,0,227,116,1,validation
1,1,228,131,2,validation
1,1,229,76,0,validation
1,1,230,84,0,validation
0,0,231,89,0,validation
0,0,232,126,1,validation
0,1,233,130,0,validation
0,1,234,11,1,validation
1,1,235,63,2,validation
1,1,236,45,0,validation
0,0,237,160,0,validation
0,1,238,116,0,validation
0,0,239,93,1,validation
0,0,240,93,2,validation
0,0,241,19,0,validation
1,1,242,35,3,validation
0,0,243,28,2,validation
1,1,244,134,2,validation
1,1,245,1,2,validation
0,0,246,118,2,validation
1,1,247,113,1,validation
1,0,248,113,2,validation
0,0,249,51,1,validation
1,1,250,48,2,validation
1,1,251,57,1,validation
1,1,252,129,2,validation
0,0,253,59,2,validation
0,0,254,123,2,validation
0,1,255,3,0,validation
1,1,256,138,0,validation
1,1,257,12,0,validation
0,0,258,103,2,validation
0,1,259,64,0,validation
1,1,260,141,1,validation
1,0,261,47,1,validation
1,1,262,136,1,validation
1,1,263,47,2,validation
1,1,264,154,1,validation
0,0,265,119,0,validation
0,0,266,39,2,validation
0,0,267,121,1,validation
1,1,268,31,0,validation
1,1,269,46,1,validation
1,1,270,76,2,validation
0,0,271,89,1,validation
1,1,272,31,1,validation
1,1,273,115,0,validation
0,0,274,39,1,validation
0,0,275,59,1,validation
1,1,276,65,1,validation
1,1,277,79,0,validation
0,0,278,100,2,validation
1,1,279,98,0,validation
1,1,280,115,1,validation
1,1,281,158,0,validation
0,0,282,130,1,validation
0,0,283,93,0,validation
0,0,284,40,1,validation
1,0,285,136,3,validation
1,0,286,72,0,validation
1,1,287,141,2,validation
0,0,288,70,2,validation
0,0,289,41,2,validation
1,1,290,138,1,validation
1,0,291,95,2,validation
1,1,292,107,2,validation
1,1,293,155,2,validation
1,1,294,95,1,validation
0,0,295,116,2,validation
0,1,296,127,1,validation
1,1,297,94,2,validation
0,0,298,120,2,validation
0,0,299,111,2,validation
0,0,300,36,0,validation
0,0,301,58,0,validation
1,0,302,101,1,validation
0,0,303,111,1,validation
1,1,304,131,0,validation
0,0,305,159,0,validation
0,0,306,118,1,validation
1,0,307,75,0,validation
0,0,308,147,2,validation
1,0,309,102,2,validation
1,1,310,53,1,validation
0,0,311,44,0,validation
1,1,312,63,3,validation
0,0,313,83,0,validation
1,1,314,74,2,validation
1,1,315,37,0,validation
1,1,316,38,2,validation
1,1,317,114,2,validation
1,1,318,72,1,validation
1,1,319,132,2,validation
0,0,320,126,3,validation
0,0,321,41,0,validation
1,1,322,91,2,validation
1,0,323,135,2,validation
1,1,324,34,2,validation
0,0,325,123,1,validation
0,0,326,106,2,validation
0,0,327,43,0,validation
0,0,328,119,2,validation
1,1,329,14,0,validation
0,0,330,152,0,validation
1,1,331,20,3,validation
1,1,332,91,0,validation
0,0,333,27,1,validation
1,1,334,77,2,validation
0,0,335,60,1,validation
0,0,336,126,2,validation
0,0,337,51,2,validation
0,0,338,3,2,validation
0,1,339,11,0,validation
0,1,340,8,2,validation
1,1,341,55,0,validation
1,1,342,46,0,validation
1,1,343,131,1,validation
0,0,344,112,1,validation
0,0,345,71,1,validation
0,0,346,30,2,validation
1,1,347,16,1,validation
1,0,348,77,0,validation
0,0,349,122,2,validation
1,1,350,141,0,validation
1,1,351,57,2,validation
1,1,352,13,0,validation
0,0,353,149,2,validation
0,1,354,127,2,validation
0,0,355,66,2,validation
1,1,356,90,2,validation
1,1,357,81,2,validation
1,1,358,136,0,validation
1,1,359,1,0,validation
1,0,360,82,1,validation
0,0,361,160,2,validation
1,0,362,32,1,validation
1,1,363,72,3,validation
0,0,364,140,2,validation
1,1,365,69,0,validation
1,1,366,139,0,validation
1,1,367,55,1,validation
1,1,368,31,2,validation
1,0,369,94,0,validation
1,0,370,69,2,validation
0,0,371,19,2,validation
0,0,372,15,0,validation
0,0,373,10,0,validation
1,1,374,85,2,validation
0,0,375,105,0,validation
0,0,376,64,2,validation
0,0,377,147,1,validation
0,0,378,8,1,validation
0,0,379,128,1,validation
1,1,380,74,0,validation
0,0,381,83,2,validation
0,0,382,122,0,validation
0,1,383,92,2,validation
0,0,384,52,2,validation
0,1,385,140,0,validation
0,0,386,44,2,validation
1,1,387,20,0,validation
0,0,388,43,2,validation
0,0,389,41,1,validation
1,1,390,157,1,validation
1,0,391,2,1,validation
1,1,392,104,3,validation
1,1,393,153,0,validation
1,1,394,20,2,validation
1,0,395,96,2,validation
1,1,396,4,1,validation
1,1,397,50,2,validation
1,1,398,12,2,validation
0,0,399,122,1,validation
0,0,400,151,2,validation
0,1,401,133,0,validation
1,1,402,69,3,validation
0,0,403,89,2,validation
0,0,404,143,1,validation
1,1,405,142,0,validation
1,1,406,108,1,validation
1,1,407,75,3,validation
0,0,408,67,0,validation
0,0,409,68,2,validation
1,1,410,95,0,validation
1,1,411,150,2,validation
1,1,412,80,2,validation
1,1,413,161,1,validation
0,0,414,151,0,validation
1,1,415,97,2,validation
0,0,416,112,2,validation
1,1,417,86,1,validation
1,1,418,65,0,validation
0,0,419,52,1,validation
1,1,420,13,2,validation
0,1,421,70,0,validation
1,1,422,129,1,validation
1,1,423,61,2,validation
0,0,424,99,2,validation
0,0,425,83,1,validation
1,1,426,34,0,validation
1,1,427,17,0,validation
1,1,428,125,2,validation
0,0,429,0,1,validation
1,1,430,145,2,validation
0,0,431,159,1,validation
0,0,432,15,2,validation
1,1,433,135,1,validation
1,1,434,25,2,validation
0,0,435,66,1,validation
0,1,436,10,2,validation
1,1,437,138,2,validation
1,1,438,84,2,validation
1,1,439,137,2,validation
0,0,440,118,0,validation
0,0,441,29,1,validation
0,0,442,109,0,validation
0,0,443,156,1,validation
1,1,444,16,2,validation
0,0,445,111,0,validation
1,1,446,84,3,validation
1,1,447,77,1,validation
1,1,448,4,0,validation
1,0,449,101,2,validation
0,0,450,28,1,validation
1,1,451,125,0,validation
0,0,452,87,2,validation
1,1,453,53,3,validation
0,0,454,105,1,validation
1,1,455,162,2,validation
0,0,456,43,1,validation
1,1,457,98,2,validation
1,1,458,158,2,validation
0,0,459,103,0,validation
0,0,460,78,0,validation
1,1,461,17,1,validation
0,0,462,117,0,validation
1,1,463,16,0,validation
1,0,464,161,2,validation
0,0,465,56,1,validation
0,0,466,143,2,validation
1,1,467,61,1,validation
0,0,468,163,2,validation
0,0,469,149,1,validation
0,0,470,60,2,validation
1,1,471,54,2,validation
1,1,472,18,2,validation
0,0,473,15,1,validation
1,1,474,110,2,validation
1,1,475,75,2,validation
1,1,476,81,0,validation
0,0,477,6,1,validation
1,1,478,101,0,validation
0,0,479,148,1,validation
0,0,480,52,0,validation
1,1,481,88,2,validation
0,0,482,143,0,validation
0,0,483,62,0,validation
0,1,484,124,1,validation
1,1,485,94,1,validation
0,0,486,133,1,validation
1,1,487,110,1,validation
1,0,488,82,2,validation
0,0,489,99,1,validation
1,1,490,48,1,validation
0,0,491,42,0,validation
1,0,492,49,0,validation
1,1,493,115,2,validation
1,0,494,32,0,validation
0,0,495,120,0,validation
0,0,496,28,0,validation
0,1,497,148,0,validation
0,0,498,106,0,validation
1,1,499,69,1,validation
1,1,500,150,1,validation
0,0,501,39,0,validation
1,1,502,164,2,validation
0,0,503,6,0,validation
1,1,504,61,0,validation
1,1,505,22,2,validation
1,1,506,34,1,validation
1,1,507,86,2,validation
0,1,508,112,0,validation
0,1,509,140,1,validation
1,1,510,33,0,validation
