real,prediction,identifier,split
0,0,0,test
0,0,1,test
1,1,2,test
1,1,3,test
0,0,4,test
0,0,5,test
1,1,6,test
0,0,7,test
1,1,8,test
1,1,9,test
0,0,10,test
1,1,11,test
1,1,12,test
0,0,13,test
1,1,14,test
0,0,15,test
1,1,16,test
1,0,17,test
1,1,18,test
0,0,19,test
0,0,20,test
1,1,21,test
1,1,22,test
1,1,23,test
0,0,24,test
1,1,25,test
1,1,26,test
1,1,27,test
0,0,28,test
0,0,29,test
1,1,30,test
0,0,31,test
1,0,32,test
1,1,33,test
1,1,34,test
1,1,35,test
1,1,36,test
0,0,37,test
0,1,38,test
1,1,39,test
0,0,40,test
1,1,41,test
0,1,42,test
1,1,43,test
0,0,44,test
0,0,45,test
0,0,46,test
0,0,47,test
0,0,48,test
1,1,49,test
0,0,50,test
1,1,51,test
0,0,52,test
0,0,53,test
0,0,54,test
1,1,55,test
1,1,56,test
0,0,57,test
1,1,58,test
0,0,59,test
0,0,60,test
0,0,61,test
0,0,62,test
0,0,63,test
1,1,64,test
1,1,65,test
0,0,66,test
1,1,67,test
1,1,68,test
0,0,69,test
0,0,70,test
0,0,71,test
0,0,72,test
0,0,73,test
0,1,74,test
1,1,75,test
0,0,76,test
0,0,77,test
1,1,78,test
0,0,79,test
1,0,80,test
1,1,81,test
0,1,82,test
1,1,83,test
0,0,84,test
0,0,85,test
1,1,86,test
0,0,87,test
1,1,88,test
1,1,89,test
0,1,90,test
1,1,91,test
0,0,92,test
0,0,93,test
0,0,94,test
1,1,95,test
0,0,96,test
0,0,97,test
0,0,98,test
1,1,99,test
1,1,100,test
1,1,101,test
1,1,102,test
0,0,103,test
0,0,104,test
0,0,105,test
0,0,106,test
0,0,107,test
0,0,108,test
1,1,109,test
0,0,110,test
0,1,111,test
1,1,112,test
1,1,113,test
0,0,114,test
1,1,115,test
1,0,116,test
1,1,117,test
1,1,118,test
1,1,119,test
0,0,120,test
1,1,121,test
1,1,122,test
1,1,123,test
1,1,124,test
0,0,125,test
0,0,126,test
1,1,127,test
0,0,128,test
1,1,129,test
0,1,130,test
0,0,131,test
1,1,132,test
1,1,133,test
1,1,134,test
0,0,135,test
0,0,136,test
0,0,137,test
0,0,138,test
1,1,139,test
1,1,140,test
0,0,141,test
0,1,142,test
0,0,143,test
1,1,144,test
0,0,145,test
0,0,146,test
0,0,147,test
1,1,148,test
1,1,149,test
1,1,150,test
1,1,151,test
0,0,152,test
0,0,153,test
1,1,154,test
1,1,155,test
0,0,156,test
0,0,157,test
1,1,158,test
0,1,159,test
0,0,160,test
1,1,161,test
0,0,162,test
0,1,163,test
1,0,164,test
1,1,165,test
0,0,166,test
0,0,167,test
1,1,168,test
0,0,169,test
0,0,170,test
1,1,171,test
1,1,172,test
0,0,173,test
1,1,174,test
1,1,175,test
0,0,176,test
0,0,177,test
0,0,178,test
1,1,179,test
0,0,180,test
1,0,181,test
0,0,182,test
1,1,183,test
1,1,184,test
1,1,185,test
1,1,186,test
1,1,187,test
0,0,188,test
0,0,189,test
1,1,190,test
0,0,191,test
1,1,192,test
0,0,193,test
1,1,194,test
1,1,195,test
0,0,196,test
1,0,197,test
1,1,198,test
1,1,199,test
1,0,200,test
0,0,201,test
0,0,202,test
1,1,203,test
0,0,204,test
0,0,205,test
0,0,206,test
0,0,207,test
0,0,208,test
1,1,209,test
0,0,210,test
1,1,211,test
1,1,212,test
1,0,213,test
1,1,214,test
1,1,215,test
1,1,216,test
0,0,217,test
0,0,218,test
1,1,219,test
1,1,220,test
0,0,221,test
1,1,222,test
0,0,223,test
0,0,224,test
0,0,225,test
0,0,226,test
0,0,227,test
1,1,228,test
0,0,229,test
1,1,230,test
1,1,231,test
0,0,232,test
0,0,233,test
1,1,234,test
1,1,235,test
1,1,236,test
0,0,237,test
1,1,238,test
0,0,239,test
1,1,240,test
0,0,241,test
1,1,242,test
0,1,243,test
1,1,244,test
1,1,245,test
0,0,246,test
0,0,247,test
1,1,248,test
1,1,249,test
0,1,250,test
0,1,251,test
1,1,252,test
0,0,253,test
1,0,254,test
1,1,255,test
1,1,256,test
0,0,257,test
1,1,258,test
1,1,259,test
0,0,260,test
0,0,261,test
1,0,262,test
0,0,263,test
1,1,264,test
1,1,265,test
0,0,266,test
1,1,267,test
0,0,268,test
0,0,269,test
0,0,270,test
1,1,271,test
1,1,272,test
1,1,273,test
0,0,274,test
1,1,275,test
0,0,276,test
0,0,277,test
0,1,278,test
0,0,279,test
1,1,280,test
0,0,281,test
0,0,282,test
0,0,283,test
1,1,284,test
1,1,285,test
0,0,286,test
0,0,287,test
0,0,288,test
0,0,289,test
0,0,290,test
1,1,291,test
1,1,292,test
1,1,293,test
0,0,294,test
1,1,295,test
0,0,296,test
1,1,297,test
0,0,298,test
1,1,299,test
0,0,300,test
1,1,301,test
1,1,302,test
0,0,303,test
1,1,304,test
1,1,305,test
1,1,306,test
1,1,307,test
1,1,308,test
1,0,309,test
0,0,310,test
0,0,311,test
0,0,312,test
0,0,313,test
0,0,314,test
0,0,315,test
0,0,316,test
1,1,317,test
0,0,318,test
1,1,319,test
1,1,320,test
0,0,321,test
1,1,322,test
1,1,323,test
0,0,324,test
0,1,325,test
1,1,326,test
1,1,327,test
1,0,328,test
0,0,329,test
0,0,330,test
0,0,331,test
1,1,332,test
0,0,333,test
0,1,334,test
1,1,335,test
1,1,336,test
0,0,337,test
1,1,338,test
1,1,339,test
0,0,340,test
1,1,341,test
0,0,342,test
1,1,343,test
1,1,344,test
0,0,345,test
1,1,346,test
0,0,347,test
0,0,348,test
1,1,349,test
0,0,350,test
0,0,351,test
1,1,352,test
1,1,353,test
0,0,354,test
0,1,355,test
0,0,356,test
1,1,357,test
0,0,358,test
1,1,359,test
0,0,360,test
1,1,361,test
0,0,362,test
1,1,363,test
1,0,364,test
0,0,365,test
0,0,366,test
1,1,367,test
0,0,368,test
1,1,369,test
0,0,370,test
1,1,371,test
0,0,372,test
0,0,373,test
1,0,374,test
1,1,375,test
0,0,376,test
1,1,377,test
0,0,378,test
0,0,379,test
1,1,380,test
1,1,381,test
1,1,382,test
0,0,383,test
0,1,384,test
0,1,385,test
1,1,386,test
1,1,387,test
1,1,388,test
0,0,389,test
1,1,390,test
1,1,391,test
1,1,392,test
1,0,393,test
1,1,394,test
0,0,395,test
0,0,396,test
0,0,397,test
1,1,398,test
0,0,399,test
0,0,400,test
1,1,401,test
1,1,402,test
0,1,403,test
1,1,404,test
0,0,405,test
1,1,406,test
0,0,407,test
0,0,408,test
1,1,409,test
0,0,410,test
1,0,411,test
0,0,412,test
0,0,413,test
0,0,414,test
0,0,415,test
1,1,416,test
1,1,417,test
0,0,418,test
0,0,419,test
0,0,420,test
1,0,421,test
0,0,422,test
1,1,423,test
0,0,424,test
1,1,425,test
1,1,426,test
1,1,427,test
1,1,428,test
1,1,429,test
0,0,430,test
1,1,431,test
1,1,432,test
1,1,433,test
1,1,434,test
1,0,435,test
1,1,436,test
0,0,437,test
0,0,438,test
1,1,439,test
1,1,440,test
0,0,441,test
0,1,442,test
0,0,443,test
0,0,444,test
1,0,445,test
0,0,446,test
1,1,447,test
0,1,448,test
1,1,449,test
1,1,450,test
0,0,451,test
0,1,452,test
0,0,453,test
0,0,454,test
0,1,455,test
0,0,456,test
0,0,457,test
1,1,458,test
1,1,459,test
0,1,460,test
0,0,461,test
1,1,462,test
1,1,463,test
1,1,464,test
1,1,465,test
1,1,466,test
0,0,467,test
0,0,468,test
1,1,469,test
1,1,470,test
0,0,471,test
1,1,472,test
0,0,473,test
1,1,474,test
0,0,475,test
0,0,476,test
0,1,477,test
1,1,478,test
0,0,479,test
1,1,480,test
1,0,481,test
0,0,482,test
1,1,483,test
1,1,484,test
0,0,485,test
0,0,486,test
0,0,487,test
0,0,488,test
0,0,489,test
1,1,490,test
0,0,491,test
0,1,492,test
0,1,493,test
1,1,494,test
0,0,495,test
0,0,496,test
1,1,497,test
0,1,498,test
0,0,499,test
0,1,500,test
1,1,501,test
1,1,502,test
1,1,503,test
0,0,504,test
1,1,505,test
0,0,506,test
1,0,507,test
0,0,508,test
0,0,509,test
1,1,510,test
0,0,511,test
1,1,512,test
0,0,513,test
0,0,514,test
0,0,515,test
0,1,516,test
1,1,517,test
1,1,518,test
0,0,519,test
0,0,520,test
1,1,521,test
1,1,522,test
0,0,523,test
0,1,524,test
0,0,525,test
1,1,526,test
0,0,527,test
1,1,528,test
0,0,529,test
1,1,530,test
0,0,531,test
1,1,532,test
0,0,533,test
1,1,534,test
1,1,535,test
0,0,536,test
0,0,537,test
1,1,538,test
0,0,539,test
0,0,540,test
1,0,541,test
0,0,542,test
0,1,543,test
0,0,544,test
0,0,545,test
0,0,546,test
1,1,547,test
0,0,548,test
0,1,549,test
1,1,550,test
0,0,551,test
0,0,552,test
1,1,553,test
1,1,554,test
1,1,555,test
1,1,556,test
1,1,557,test
1,1,558,test
0,0,559,test
1,1,560,test
0,0,561,test
1,1,562,test
0,1,563,test
1,1,564,test
0,1,565,test
1,1,566,test
0,0,567,test
1,1,568,test
1,1,569,test
0,0,570,test
0,1,571,test
1,1,572,test
0,0,573,test
0,0,574,test
1,1,575,test
1,1,576,test
0,0,577,test
1,1,578,test
0,0,579,test
0,0,580,test
0,0,581,test
1,1,582,test
0,0,583,test
1,0,584,test
0,0,585,test
1,1,586,test
0,0,587,test
1,1,588,test
0,0,589,test
1,1,590,test
1,1,591,test
0,0,592,test
0,1,593,test
1,1,594,test
1,1,595,test
0,1,596,test
1,1,597,test
1,1,598,test
0,0,599,test
0,0,600,test
0,0,601,test
1,1,602,test
0,0,603,test
1,1,604,test
1,1,605,test
1,1,606,test
1,1,607,test
0,1,608,test
1,1,609,test
0,0,610,test
1,1,611,test
0,0,612,test
0,0,613,test
1,1,614,test
1,1,615,test
1,1,616,test
1,1,617,test
0,0,618,test
0,0,619,test
1,1,620,test
0,0,621,test
1,1,622,test
0,0,623,test
1,1,624,test
1,1,625,test
1,0,626,test
1,1,627,test
1,1,628,test
1,1,629,test
1,1,630,test
0,0,631,test
0,0,632,test
0,0,633,test
0,0,634,test
1,0,635,test
1,1,636,test
0,0,637,test
0,0,638,test
1,1,639,test
1,1,640,test
1,1,641,test
1,0,642,test
0,0,643,test
0,1,644,test
0,0,645,test
0,0,646,test
1,1,647,test
1,1,648,test
0,0,649,test
1,1,650,test
1,0,651,test
0,0,652,test
1,1,653,test
1,1,654,test
0,0,655,test
0,0,656,test
1,1,657,test
1,1,658,test
0,0,659,test
1,1,660,test
1,1,661,test
1,1,662,test
0,0,663,test
1,1,664,test
1,1,665,test
0,0,666,test
0,0,667,test
0,0,668,test
1,1,669,test
0,0,670,test
1,1,671,test
0,0,672,test
1,1,673,test
1,1,674,test
0,0,675,test
1,1,676,test
1,1,677,test
0,0,678,test
1,1,679,test
1,1,680,test
1,0,681,test
1,0,682,test
0,0,683,test
1,1,684,test
1,1,685,test
0,0,686,test
1,1,687,test
0,0,688,test
0,0,689,test
0,0,690,test
0,0,691,test
0,0,692,test
1,1,693,test
0,0,694,test
0,0,695,test
0,0,696,test
1,1,697,test
0,0,698,test
0,0,699,test
1,1,700,test
1,1,701,test
1,1,702,test
0,0,703,test
0,0,704,test
1,0,705,test
0,0,706,test
1,1,707,test
0,0,708,test
1,1,709,test
1,1,710,test
0,0,711,test
1,1,712,test
0,0,713,test
0,0,714,test
0,1,715,test
1,1,716,test
1,1,717,test
0,0,718,test
1,1,719,test
1,1,720,test
0,0,721,test
1,1,722,test
1,1,723,test
0,0,724,test
0,0,725,test
1,1,726,test
1,1,727,test
0,0,728,test
0,0,729,test
1,1,730,test
1,1,731,test
0,0,732,test
1,1,733,test
0,0,734,test
1,1,735,test
0,0,736,test
0,0,737,test
0,0,738,test
1,1,739,test
0,0,740,test
1,1,741,test
1,1,742,test
1,1,743,test
0,0,744,test
0,0,745,test
0,0,746,test
0,0,747,test
0,0,748,test
0,1,749,test
0,0,750,test
0,0,751,test
1,1,752,test
1,1,753,test
0,0,754,test
0,0,755,test
1,1,756,test
1,1,757,test
0,0,758,test
0,0,759,test
0,0,760,test
1,0,761,test
0,0,762,test
0,1,763,test
1,1,764,test
1,1,765,test
0,0,766,test
0,0,767,test
1,1,768,test
0,0,769,test
0,0,770,test
0,0,771,test
0,0,772,test
0,0,773,test
1,1,774,test
0,0,775,test
1,1,776,test
0,0,777,test
0,0,778,test
1,1,779,test
1,1,780,test
1,1,781,test
1,1,782,test
1,1,783,test
0,0,784,test
0,0,785,test
0,0,786,test
1,1,787,test
0,0,788,test
1,1,789,test
1,1,790,test
0,0,791,test
0,0,792,test
0,0,793,test
0,0,794,test
1,1,795,test
0,0,796,test
1,1,797,test
0,1,798,test
0,0,799,test
1,1,800,test
1,1,801,test
1,1,802,test
0,0,803,test
0,0,804,test
1,1,805,test
1,1,806,test
1,1,807,test
1,1,808,test
1,1,809,test
1,1,810,test
0,1,811,test
0,0,812,test
1,1,813,test
1,1,814,test
0,0,815,test
0,0,816,test
0,0,817,test
1,1,818,test
0,0,819,test
0,0,820,test
0,0,821,test
0,0,822,test
0,0,823,test
1,1,824,test
0,0,825,test
1,1,826,test
1,0,827,test
1,1,828,test
1,1,829,test
1,1,830,test
1,1,831,test
1,1,832,test
0,0,833,test
0,0,834,test
0,0,835,test
0,1,836,test
0,0,837,test
0,0,838,test
1,1,839,test
1,1,840,test
1,0,841,test
1,1,842,test
1,1,843,test
1,1,844,test
1,1,845,test
0,0,846,test
1,1,847,test
1,1,848,test
0,0,849,test
0,0,850,test
1,0,851,test
1,1,852,test
1,1,853,test
1,1,854,test
1,1,855,test
1,1,856,test
1,1,857,test
1,1,858,test
1,1,859,test
0,0,860,test
1,1,861,test
0,0,862,test
0,1,863,test
0,0,864,test
1,1,865,test
1,0,866,test
0,0,867,test
1,1,868,test
0,0,869,test
0,0,870,test
0,0,871,test
0,0,872,test
1,1,873,test
0,0,874,test
1,1,875,test
1,1,876,test
1,1,877,test
0,0,878,test
0,0,879,test
0,1,880,test
1,1,881,test
1,1,882,test
1,1,883,test
0,0,884,test
1,1,885,test
1,1,886,test
0,0,887,test
0,0,888,test
0,0,889,test
1,1,890,test
1,1,891,test
1,1,892,test
0,0,893,test
1,1,894,test
0,0,895,test
0,0,896,test
0,0,897,test
0,0,898,test
1,1,899,test
1,1,900,test
0,0,901,test
0,0,902,test
1,0,903,test
0,0,904,test
1,1,905,test
1,1,906,test
1,0,907,test
1,1,908,test
1,1,909,test
0,0,910,test
1,1,911,test
1,1,912,test
1,1,913,test
0,0,914,test
0,0,915,test
1,1,916,test
0,0,917,test
1,1,918,test
0,0,919,test
0,1,920,test
0,0,921,test
0,0,922,test
1,1,923,test
0,1,924,test
0,0,925,test
0,0,926,test
0,0,927,test
0,0,928,test
1,1,929,test
1,1,930,test
1,1,931,test
0,0,932,test
1,1,933,test
0,0,934,test
0,1,935,test
1,1,936,test
1,1,937,test
1,1,938,test
0,0,939,test
1,1,940,test
0,0,941,test
0,0,942,test
1,1,943,test
1,1,944,test
0,0,945,test
1,1,946,test
0,1,947,test
1,1,948,test
0,0,949,test
1,1,950,test
0,0,951,test
0,0,952,test
1,1,953,test
1,1,954,test
1,1,955,test
1,1,956,test
0,0,957,test
0,0,958,test
1,1,959,test
1,1,960,test
0,0,961,test
1,1,962,test
1,1,963,test
1,1,964,test
1,1,965,test
1,1,966,test
0,0,967,test
1,1,968,test
1,0,969,test
1,1,970,test
1,1,971,test
1,1,972,test
1,1,973,test
0,0,974,test
0,0,975,test
1,1,976,test
1,1,977,test
1,1,978,test
1,1,979,test
0,0,980,test
0,1,981,test
0,0,982,test
0,0,983,test
1,1,984,test
0,0,985,test
1,1,986,test
1,1,987,test
1,0,988,test
0,0,989,test
0,0,990,test
0,0,991,test
0,1,992,test
0,0,993,test
0,0,994,test
1,1,995,test
1,1,996,test
0,1,997,test
1,1,998,test
0,0,999,test
0,0,1000,test
0,0,1001,test
1,1,1002,test
0,0,1003,test
0,1,1004,test
1,1,1005,test
1,1,1006,test
0,0,1007,test
0,0,1008,test
1,1,1009,test
1,1,1010,test
1,1,1011,test
0,0,1012,test
1,1,1013,test
0,1,1014,test
1,1,1015,test
0,0,1016,test
0,0,1017,test
0,0,1018,test
0,0,1019,test
1,0,1020,test
1,1,1021,test
0,0,1022,test
0,0,1023,test
1,1,1024,test
1,1,1025,test
1,1,1026,test
1,1,1027,test
1,1,1028,test
0,0,1029,test
1,1,1030,test
0,1,1031,test
0,0,1032,test
1,1,1033,test
1,1,1034,test
1,1,1035,test
1,0,1036,test
1,1,1037,test
1,0,1038,test
0,0,1039,test
0,0,1040,test
1,1,1041,test
0,0,1042,test
1,1,1043,test
1,1,1044,test
1,1,1045,test
0,0,1046,test
1,1,1047,test
0,0,1048,test
1,1,1049,test
0,0,1050,test
1,1,1051,test
0,0,1052,test
1,1,1053,test
1,1,1054,test
1,1,1055,test
0,0,1056,test
0,0,1057,test
0,0,1058,test
0,0,1059,test
0,0,1060,test
0,0,1061,test
1,1,1062,test
1,1,1063,test
1,1,1064,test
1,1,1065,test
1,1,1066,test
0,0,1067,test
1,1,1068,test
1,1,1069,test
1,1,1070,test
1,1,1071,test
0,0,1072,test
1,1,1073,test
1,1,1074,test
0,0,1075,test
0,0,1076,test
1,0,1077,test
1,1,1078,test
0,0,1079,test
0,0,1080,test
1,1,1081,test
0,0,1082,test
1,0,1083,test
0,0,1084,test
1,1,1085,test
0,0,1086,test
0,0,1087,test
1,1,1088,test
0,0,1089,test
0,0,1090,test
0,0,1091,test
0,0,1092,test
1,1,1093,test
0,0,1094,test
0,1,1095,test
1,1,1096,test
1,1,1097,test
0,0,1098,test
1,1,1099,test
1,1,1100,test
0,0,1101,test
0,0,1102,test
1,1,1103,test
1,1,1104,test
0,0,1105,test
1,1,1106,test
0,0,1107,test
1,1,1108,test
0,0,1109,test
0,0,1110,test
0,0,1111,test
1,1,1112,test
1,1,1113,test
1,1,1114,test
1,1,1115,test
1,1,1116,test
1,1,1117,test
1,1,1118,test
0,0,1119,test
0,0,1120,test
0,0,1121,test
1,1,1122,test
0,0,1123,test
0,0,1124,test
1,0,1125,test
1,1,1126,test
0,0,1127,test
1,1,1128,test
1,1,1129,test
1,1,1130,test
1,1,1131,test
0,0,1132,test
0,0,1133,test
0,0,1134,test
1,1,1135,test
1,1,1136,test
0,0,1137,test
1,1,1138,test
0,0,1139,test
1,1,1140,test
1,1,1141,test
0,1,1142,test
0,0,1143,test
1,1,1144,test
0,0,1145,test
0,0,1146,test
0,0,1147,test
0,1,1148,test
1,1,1149,test
0,0,1150,test
1,0,1151,test
0,0,1152,test
1,1,1153,test
0,0,1154,test
1,1,1155,test
1,0,1156,test
0,0,1157,test
0,0,1158,test
0,1,1159,test
0,0,1160,test
1,1,1161,test
0,0,1162,test
1,1,1163,test
1,1,1164,test
0,0,1165,test
1,1,1166,test
1,1,1167,test
0,1,1168,test
1,1,1169,test
0,0,1170,test
0,0,1171,test
1,1,1172,test
1,1,1173,test
0,0,1174,test
1,1,1175,test
1,1,1176,test
1,1,1177,test
0,0,1178,test
1,1,1179,test
1,1,1180,test
0,0,1181,test
0,0,1182,test
0,1,1183,test
0,0,1184,test
1,1,1185,test
1,1,1186,test
0,0,1187,test
0,0,1188,test
0,0,1189,test
0,0,1190,test
1,1,1191,test
0,0,1192,test
1,1,1193,test
1,1,1194,test
0,0,1195,test
0,0,1196,test
1,1,1197,test
1,1,1198,test
1,1,1199,test
1,1,1200,test
1,1,1201,test
1,1,1202,test
0,0,1203,test
0,0,1204,test
0,0,1205,test
0,0,1206,test
0,0,1207,test
0,0,1208,test
1,0,1209,test
0,0,1210,test
1,1,1211,test
0,0,1212,test
1,0,1213,test
1,1,1214,test
0,0,1215,test
0,0,1216,test
0,0,1217,test
0,1,1218,test
0,0,1219,test
0,0,1220,test
0,0,1221,test
1,0,1222,test
1,1,1223,test
1,1,1224,test
1,1,1225,test
1,0,1226,test
1,1,1227,test
1,1,1228,test
1,1,1229,test
1,1,1230,test
1,1,1231,test
1,0,1232,test
0,0,1233,test
0,0,1234,test
1,1,1235,test
1,1,1236,test
1,1,1237,test
0,0,1238,test
0,0,1239,test
1,1,1240,test
1,1,1241,test
0,1,1242,test
1,1,1243,test
0,0,1244,test
0,0,1245,test
0,0,1246,test
0,0,1247,test
1,1,1248,test
1,1,1249,test
0,0,1250,test
1,1,1251,test
1,1,1252,test
1,1,1253,test
0,0,1254,test
1,1,1255,test
1,1,1256,test
0,0,1257,test
1,1,1258,test
0,0,1259,test
1,1,1260,test
1,1,1261,test
1,1,1262,test
0,0,1263,test
0,0,1264,test
1,1,1265,test
1,0,1266,test
1,1,1267,test
1,1,1268,test
0,0,1269,test
0,0,1270,test
1,1,1271,test
1,1,1272,test
1,1,1273,test
1,1,1274,test
1,1,1275,test
0,0,1276,test
0,0,1277,test
1,1,1278,test
0,0,1279,test
0,0,1280,test
1,1,1281,test
1,1,1282,test
0,1,1283,test
1,1,1284,test
0,1,1285,test
1,1,1286,test
1,1,1287,test
0,1,1288,test
0,0,1289,test
1,1,1290,test
0,0,1291,test
1,1,1292,test
0,0,1293,test
0,0,1294,test
0,1,1295,test
0,0,1296,test
0,0,1297,test
0,0,1298,test
1,1,1299,test
0,0,1300,test
1,1,1301,test
0,0,1302,test
0,0,1303,test
1,1,1304,test
1,1,1305,test
1,1,1306,test
1,1,1307,test
1,1,1308,test
0,0,1309,test
0,0,1310,test
0,0,1311,test
0,0,1312,test
1,1,1313,test
0,0,1314,test
0,0,1315,test
0,0,1316,test
0,0,1317,test
0,0,1318,test
1,1,1319,test
0,1,1320,test
1,1,1321,test
1,1,1322,test
0,0,1323,test
0,0,1324,test
1,1,1325,test
1,1,1326,test
1,1,1327,test
1,1,1328,test
0,0,1329,test
0,1,1330,test
0,0,1331,test
0,1,1332,test
1,1,1333,test
1,1,1334,test
0,0,1335,test
0,0,1336,test
0,0,1337,test
1,1,1338,test
1,1,1339,test
0,0,1340,test
0,0,1341,test
1,1,1342,test
1,1,1343,test
1,1,1344,test
1,1,1345,test
0,0,1346,test
1,1,1347,test
1,1,1348,test
1,1,1349,test
0,0,1350,test
1,1,1351,test
1,1,1352,test
1,1,1353,test
1,0,1354,test
0,0,1355,test
1,1,1356,test
1,1,1357,test
1,1,1358,test
0,0,1359,test
0,0,1360,test
1,1,1361,test
1,1,1362,test
0,0,1363,test
0,0,1364,test
1,0,1365,test
1,1,1366,test
0,0,1367,test
1,1,1368,test
0,0,1369,test
1,1,1370,test
0,0,1371,test
0,0,1372,test
0,0,1373,test
1,1,1374,test
0,1,1375,test
1,1,1376,test
1,0,1377,test
0,0,1378,test
1,1,1379,test
1,1,1380,test
0,0,1381,test
1,1,1382,test
1,1,1383,test
1,1,1384,test
0,0,1385,test
1,1,1386,test
1,1,1387,test
0,0,1388,test
0,0,1389,test
0,0,1390,test
1,0,1391,test
1,1,1392,test
1,1,1393,test
1,0,1394,test
1,1,1395,test
1,1,1396,test
1,1,1397,test
1,0,1398,test
1,1,1399,test
1,1,1400,test
1,1,1401,test
0,0,1402,test
1,1,1403,test
0,0,1404,test
1,1,1405,test
1,1,1406,test
0,0,1407,test
0,0,1408,test
1,1,1409,test
0,0,1410,test
1,1,1411,test
0,0,1412,test
1,1,1413,test
1,1,1414,test
1,1,1415,test
1,1,1416,test
0,0,1417,test
1,1,1418,test
1,1,1419,test
0,0,1420,test
1,1,1421,test
0,0,1422,test
1,1,1423,test
1,1,1424,test
0,0,1425,test
0,0,1426,test
0,1,1427,test
0,0,1428,test
0,0,1429,test
0,0,1430,test
1,1,1431,test
0,1,1432,test
0,0,1433,test
0,0,1434,test
0,0,1435,test
1,1,1436,test
1,1,1437,test
1,1,1438,test
1,1,1439,test
0,0,1440,test
0,0,1441,test
1,1,1442,test
0,0,1443,test
1,1,1444,test
0,0,1445,test
0,0,1446,test
0,0,1447,test
1,1,1448,test
0,0,1449,test
0,1,1450,test
1,1,1451,test
0,0,1452,test
0,0,1453,test
1,1,1454,test
1,1,1455,test
0,0,1456,test
0,1,1457,test
0,0,1458,test
1,1,1459,test
0,0,1460,test
1,1,1461,test
1,1,1462,test
0,0,1463,test
1,1,1464,test
1,0,1465,test
0,0,1466,test
1,1,1467,test
0,0,1468,test
0,1,1469,test
0,1,1470,test
1,1,1471,test
1,1,1472,test
0,0,1473,test
0,0,1474,test
1,1,1475,test
0,0,1476,test
0,1,1477,test
1,1,1478,test
1,1,1479,test
1,0,1480,test
0,0,1481,test
0,0,1482,test
0,0,1483,test
0,0,1484,test
0,0,1485,test
0,1,1486,test
0,0,1487,test
1,1,1488,test
1,1,1489,test
0,0,1490,test
1,0,1491,test
1,1,1492,test
0,1,1493,test
0,0,1494,test
0,0,1495,test
1,1,1496,test
0,0,1497,test
0,0,1498,test
1,1,1499,test
0,1,1500,test
0,0,1501,test
0,0,1502,test
1,1,1503,test
1,1,1504,test
0,0,1505,test
1,1,1506,test
0,1,1507,test
0,0,1508,test
0,1,1509,test
1,1,1510,test
1,1,1511,test
0,0,1512,test
0,0,1513,test
0,0,1514,test
0,0,1515,test
0,0,1516,test
1,1,1517,test
0,1,1518,test
0,0,1519,test
0,0,1520,test
1,1,1521,test
1,1,1522,test
0,0,1523,test
1,1,1524,test
0,0,1525,test
1,1,1526,test
0,1,1527,test
1,1,1528,test
1,1,1529,test
0,1,1530,test
1,1,1531,test
0,0,1532,test
0,0,1533,test
1,1,1534,test
1,1,1535,test
1,1,1536,test
0,0,1537,test
0,0,1538,test
0,0,1539,test
0,0,1540,test
1,1,1541,test
0,0,1542,test
0,0,1543,test
1,1,1544,test
0,0,1545,test
0,0,1546,test
1,1,1547,test
0,0,1548,test
0,0,1549,test
1,1,1550,test
0,1,1551,test
1,1,1552,test
0,0,1553,test
1,1,1554,test
0,0,1555,test
0,0,1556,test
0,0,1557,test
1,1,1558,test
1,1,1559,test
0,0,1560,test
1,1,1561,test
1,1,1562,test
1,1,1563,test
1,1,1564,test
1,1,1565,test
0,0,1566,test
0,0,1567,test
0,0,1568,test
0,0,1569,test
1,1,1570,test
0,0,1571,test
1,1,1572,test
1,1,1573,test
0,0,1574,test
0,0,1575,test
0,0,1576,test
0,0,1577,test
0,0,1578,test
1,1,1579,test
1,1,1580,test
1,1,1581,test
1,1,1582,test
1,1,1583,test
1,1,1584,test
1,1,1585,test
1,1,1586,test
0,0,1587,test
0,0,1588,test
0,0,1589,test
0,0,1590,test
0,0,1591,test
0,0,1592,test
0,0,1593,test
0,0,1594,test
1,1,1595,test
1,0,1596,test
0,0,1597,test
0,0,1598,test
0,0,1599,test
0,0,1600,test
1,1,1601,test
0,0,1602,test
0,0,1603,test
0,0,1604,test
1,1,1605,test
1,1,1606,test
0,0,1607,test
0,0,1608,test
1,1,1609,test
0,0,1610,test
0,0,1611,test
0,0,1612,test
1,1,1613,test
1,1,1614,test
0,0,1615,test
0,0,1616,test
0,1,1617,test
0,0,1618,test
0,1,1619,test
0,0,1620,test
0,0,1621,test
0,0,1622,test
0,0,1623,test
0,0,1624,test
0,0,1625,test
0,0,1626,test
0,0,1627,test
1,1,1628,test
1,1,1629,test
0,0,1630,test
0,1,1631,test
1,1,1632,test
1,1,1633,test
1,0,1634,test
0,0,1635,test
0,0,1636,test
0,0,1637,test
1,1,1638,test
0,0,1639,test
1,1,1640,test
0,1,1641,test
0,1,1642,test
0,0,1643,test
0,0,1644,test
1,1,1645,test
1,1,1646,test
0,0,1647,test
1,1,1648,test
0,0,1649,test
1,1,1650,test
1,1,1651,test
0,0,1652,test
0,0,1653,test
1,1,1654,test
0,0,1655,test
0,1,1656,test
1,1,1657,test
1,1,1658,test
1,1,1659,test
1,1,1660,test
1,1,1661,test
1,1,1662,test
0,0,1663,test
0,0,1664,test
0,0,1665,test
0,0,1666,test
0,0,1667,test
1,1,1668,test
1,0,1669,test
0,0,1670,test
1,1,1671,test
1,0,1672,test
1,1,1673,test
1,1,1674,test
0,0,1675,test
1,1,1676,test
1,1,1677,test
0,0,1678,test
0,0,1679,test
0,0,1680,test
1,1,1681,test
1,1,1682,test
0,0,1683,test
0,0,1684,test
1,1,1685,test
0,0,1686,test
1,1,1687,test
0,0,1688,test
1,1,1689,test
1,1,1690,test
1,1,1691,test
1,1,1692,test
1,1,1693,test
0,0,1694,test
0,0,1695,test
0,0,1696,test
0,0,1697,test
1,1,1698,test
0,0,1699,test
0,0,1700,test
1,1,1701,test
1,1,1702,test
1,1,1703,test
1,1,1704,test
0,0,1705,test
1,1,1706,test
1,1,1707,test
1,1,1708,test
1,1,1709,test
0,0,1710,test
1,1,1711,test
0,0,1712,test
0,1,1713,test
1,1,1714,test
1,1,1715,test
1,1,1716,test
0,0,1717,test
0,0,1718,test
0,0,1719,test
1,1,1720,test
1,1,1721,test
0,0,1722,test
1,1,1723,test
0,0,1724,test
1,1,1725,test
1,1,1726,test
0,0,1727,test
1,1,1728,test
1,0,1729,test
1,1,1730,test
0,0,1731,test
1,1,1732,test
1,1,1733,test
0,0,1734,test
1,0,1735,test
0,0,1736,test
0,0,1737,test
0,0,1738,test
0,0,1739,test
1,1,1740,test
0,0,1741,test
1,1,1742,test
1,0,1743,test
0,0,1744,test
0,0,1745,test
1,0,1746,test
0,0,1747,test
1,1,1748,test
0,0,1749,test
1,0,1750,test
1,1,1751,test
0,0,1752,test
1,1,1753,test
1,1,1754,test
1,1,1755,test
1,1,1756,test
1,1,1757,test
1,1,1758,test
0,0,1759,test
1,1,1760,test
1,1,1761,test
1,1,1762,test
1,1,1763,test
0,0,1764,test
0,1,1765,test
0,0,1766,test
1,1,1767,test
0,0,1768,test
0,0,1769,test
1,1,1770,test
0,0,1771,test
1,1,1772,test
0,0,1773,test
1,1,1774,test
0,0,1775,test
1,1,1776,test
0,0,1777,test
1,1,1778,test
1,1,1779,test
0,0,1780,test
1,1,1781,test
0,0,1782,test
1,1,1783,test
1,1,1784,test
1,1,1785,test
1,1,1786,test
0,0,1787,test
1,1,1788,test
0,1,1789,test
1,1,1790,test
0,0,1791,test
0,0,1792,test
1,1,1793,test
1,1,1794,test
0,1,1795,test
0,0,1796,test
1,1,1797,test
1,1,1798,test
0,0,1799,test
0,0,1800,test
1,1,1801,test
0,0,1802,test
1,1,1803,test
0,0,1804,test
0,0,1805,test
1,1,1806,test
0,0,1807,test
1,1,1808,test
0,0,1809,test
1,1,1810,test
1,1,1811,test
0,1,1812,test
0,0,1813,test
0,0,1814,test
0,0,1815,test
1,0,1816,test
0,0,1817,test
1,1,1818,test
0,0,1819,test
1,1,1820,test
0,0,0,validation
1,1,1,validation
1,1,2,validation
0,0,3,validation
1,0,4,validation
1,1,5,validation
0,0,6,validation
1,1,7,validation
0,0,8,validation
0,0,9,validation
1,1,10,validation
1,1,11,validation
0,0,12,validation
1,1,13,validation
1,1,14,validation
1,1,15,validation
1,1,16,validation
1,1,17,validation
0,0,18,validation
1,1,19,validation
1,1,20,validation
0,0,21,validation
0,0,22,validation
1,1,23,validation
1,1,24,validation
0,0,25,validation
1,1,26,validation
1,1,27,validation
0,0,28,validation
1,0,29,validation
0,0,30,validation
1,1,31,validation
1,1,32,validation
0,0,33,validation
0,0,34,validation
1,1,35,validation
1,1,36,validation
1,1,37,validation
1,1,38,validation
0,0,39,validation
0,0,40,validation
1,0,41,validation
0,0,42,validation
1,1,43,validation
0,0,44,validation
0,0,45,validation
1,1,46,validation
0,0,47,validation
0,0,48,validation
1,1,49,validation
0,0,50,validation
0,1,51,validation
1,1,52,validation
1,1,53,validation
0,0,54,validation
1,1,55,validation
0,0,56,validation
1,1,57,validation
1,1,58,validation
1,1,59,validation
1,1,60,validation
0,0,61,validation
0,0,62,validation
1,1,63,validation
0,0,64,validation
1,0,65,validation
0,0,66,validation
0,0,67,validation
1,1,68,validation
1,1,69,validation
0,0,70,validation
1,1,71,validation
0,0,72,validation
0,0,73,validation
0,0,74,validation
1,1,75,validation
1,1,76,validation
1,1,77,validation
0,1,78,validation
1,1,79,validation
0,0,80,validation
0,0,81,validation
0,0,82,validation
0,0,83,validation
0,0,84,validation
0,0,85,validation
1,1,86,validation
1,1,87,validation
0,0,88,validation
1,1,89,validation
0,0,90,validation
1,1,91,validation
1,1,92,validation
0,0,93,validation
0,0,94,validation
0,0,95,validation
0,1,96,validation
0,0,97,validation
0,0,98,validation
1,1,99,validation
0,0,100,validation
0,0,101,validation
1,1,102,validation
1,1,103,validation
1,1,104,validation
0,0,105,validation
0,0,106,validation
1,1,107,validation
0,0,108,validation
0,1,109,validation
0,0,110,validation
1,1,111,validation
0,0,112,validation
0,1,113,validation
0,0,114,validation
0,0,115,validation
0,0,116,validation
0,0,117,validation
1,1,118,validation
0,0,119,validation
1,1,120,validation
0,1,121,validation
1,1,122,validation
0,0,123,validation
0,0,124,validation
0,1,125,validation
0,0,126,validation
0,0,127,validation
0,0,128,validation
1,1,129,validation
1,1,130,validation
1,1,131,validation
1,1,132,validation
1,1,133,validation
1,0,134,validation
0,0,135,validation
1,0,136,validation
1,1,137,validation
0,0,138,validation
1,1,139,validation
1,1,140,validation
0,0,141,validation
0,0,142,validation
1,1,143,validation
1,1,144,validation
0,0,145,validation
1,1,146,validation
1,1,147,validation
0,0,148,validation
0,0,149,validation
0,0,150,validation
1,1,151,validation
0,0,152,validation
0,0,153,validation
0,0,154,validation
0,0,155,validation
1,1,156,validation
1,1,157,validation
1,1,158,validation
0,1,159,validation
1,1,160,validation
1,0,161,validation
1,1,162,validation
1,1,163,validation
0,0,164,validation
1,1,165,validation
1,1,166,validation
0,0,167,validation
1,1,168,validation
1,1,169,validation
1,1,170,validation
0,0,171,validation
1,1,172,validation
0,0,173,validation
0,0,174,validation
0,0,175,validation
1,1,176,validation
0,0,177,validation
1,1,178,validation
0,0,179,validation
0,0,180,validation
0,0,181,validation
1,1,182,validation
0,0,183,validation
1,1,184,validation
0,0,185,validation
0,0,186,validation
0,0,187,validation
0,0,188,validation
1,1,189,validation
1,1,190,validation
0,0,191,validation
1,1,192,validation
0,0,193,validation
1,1,194,validation
1,0,195,validation
1,1,196,validation
1,1,197,validation
1,1,198,validation
1,1,199,validation
1,1,200,validation
1,1,201,validation
1,1,202,validation
1,0,203,validation
0,0,204,validation
0,0,205,validation
1,1,206,validation
1,1,207,validation
0,0,208,validation
0,0,209,validation
0,0,210,validation
0,0,211,validation
0,0,212,validation
1,1,213,validation
0,0,214,validation
0,0,215,validation
1,1,216,validation
0,0,217,validation
1,1,218,validation
1,1,219,validation
1,0,220,validation
1,1,221,validation
1,1,222,validation
1,1,223,validation
1,1,224,validation
1,1,225,validation
1,1,226,validation
1,1,227,validation
1,1,228,validation
1,1,229,validation
0,0,230,validation
1,1,231,validation
1,1,232,validation
1,0,233,validation
1,0,234,validation
0,0,235,validation
0,0,236,validation
1,1,237,validation
0,0,238,validation
1,1,239,validation
0,0,240,validation
1,1,241,validation
0,0,242,validation
1,1,243,validation
1,1,244,validation
1,1,245,validation
1,0,246,validation
1,1,247,validation
0,0,248,validation
1,1,249,validation
1,1,250,validation
0,0,251,validation
1,1,252,validation
0,0,253,validation
1,0,254,validation
0,0,255,validation
1,1,256,validation
0,0,257,validation
0,0,258,validation
0,0,259,validation
1,1,260,validation
0,0,261,validation
1,1,262,validation
0,0,263,validation
1,1,264,validation
1,1,265,validation
0,0,266,validation
0,0,267,validation
1,1,268,validation
1,1,269,validation
1,1,270,validation
0,0,271,validation
0,0,272,validation
1,1,273,validation
0,0,274,validation
0,0,275,validation
1,1,276,validation
1,1,277,validation
1,1,278,validation
0,0,279,validation
1,1,280,validation
1,1,281,validation
0,0,282,validation
1,1,283,validation
1,1,284,validation
1,1,285,validation
1,1,286,validation
1,1,287,validation
0,0,288,validation
0,0,289,validation
1,1,290,validation
0,0,291,validation
0,0,292,validation
0,0,293,validation
1,1,294,validation
0,0,295,validation
1,1,296,validation
0,0,297,validation
1,1,298,validation
1,1,299,validation
0,0,300,validation
0,0,301,validation
1,1,302,validation
1,1,303,validation
1,1,304,validation
0,0,305,validation
1,1,306,validation
0,0,307,validation
0,0,308,validation
0,0,309,validation
1,1,310,validation
1,1,311,validation
0,0,312,validation
1,1,313,validation
0,0,314,validation
1,1,315,validation
1,1,316,validation
0,0,317,validation
1,0,318,validation
1,1,319,validation
1,1,320,validation
1,1,321,validation
0,0,322,validation
0,0,323,validation
1,1,324,validation
1,1,325,validation
1,0,326,validation
0,0,327,validation
1,1,328,validation
1,0,329,validation
0,0,330,validation
0,0,331,validation
1,1,332,validation
0,0,333,validation
0,0,334,validation
1,1,335,validation
0,1,336,validation
0,0,337,validation
1,1,338,validation
1,1,339,validation
0,0,340,validation
0,0,341,validation
1,1,342,validation
1,0,343,validation
0,1,344,validation
0,0,345,validation
1,1,346,validation
1,1,347,validation
1,1,348,validation
1,1,349,validation
0,0,350,validation
1,1,351,validation
1,1,352,validation
0,0,353,validation
0,0,354,validation
0,0,355,validation
0,0,356,validation
0,0,357,validation
1,1,358,validation
1,1,359,validation
1,1,360,validation
1,1,361,validation
1,1,362,validation
1,1,363,validation
0,0,364,validation
0,0,365,validation
0,0,366,validation
0,0,367,validation
0,1,368,validation
0,1,369,validation
0,1,370,validation
0,0,371,validation
1,1,372,validation
0,0,373,validation
0,0,374,validation
0,1,375,validation
1,0,376,validation
1,1,377,validation
1,1,378,validation
0,0,379,validation
1,1,380,validation
1,1,381,validation
0,0,382,validation
1,1,383,validation
1,1,384,validation
0,0,385,validation
1,0,386,validation
1,1,387,validation
0,0,388,validation
1,1,389,validation
0,0,390,validation
1,1,391,validation
0,0,392,validation
1,1,393,validation
1,1,394,validation
1,1,395,validation
1,1,396,validation
1,1,397,validation
0,0,398,validation
0,0,399,validation
0,0,400,validation
0,1,401,validation
1,1,402,validation
0,1,403,validation
0,0,404,validation
1,1,405,validation
1,1,406,validation
1,0,407,validation
0,0,408,validation
0,0,409,validation
0,0,410,validation
1,1,411,validation
0,0,412,validation
0,0,413,validation
0,0,414,validation
1,1,415,validation
1,1,416,validation
0,0,417,validation
0,0,418,validation
0,0,419,validation
1,1,420,validation
0,0,421,validation
1,1,422,validation
1,1,423,validation
1,1,424,validation
0,0,425,validation
1,1,426,validation
1,1,427,validation
0,0,428,validation
1,0,429,validation
1,1,430,validation
0,0,431,validation
1,1,432,validation
1,1,433,validation
1,1,434,validation
0,0,435,validation
0,0,436,validation
0,0,437,validation
1,1,438,validation
0,0,439,validation
1,0,440,validation
1,1,441,validation
0,0,442,validation
0,1,443,validation
1,1,444,validation
0,0,445,validation
0,0,446,validation
0,1,447,validation
0,0,448,validation
0,0,449,validation
1,1,450,validation
0,0,451,validation
1,1,452,validation
0,0,453,validation
0,0,454,validation
0,0,455,validation
0,0,456,validation
1,1,457,validation
1,1,458,validation
1,1,459,validation
0,0,460,validation
1,1,461,validation
0,0,462,validation
1,1,463,validation
1,1,464,validation
1,1,465,validation
1,1,466,validation
0,0,467,validation
1,1,468,validation
1,1,469,validation
0,0,470,validation
0,1,471,validation
1,1,472,validation
1,1,473,validation
0,0,474,validation
1,1,475,validation
1,1,476,validation
0,0,477,validation
0,0,478,validation
0,0,479,validation
0,0,480,validation
1,1,481,validation
1,1,482,validation
1,1,483,validation
0,0,484,validation
1,1,485,validation
0,0,486,validation
1,1,487,validation
1,1,488,validation
0,0,489,validation
0,0,490,validation
1,1,491,validation
0,0,492,validation
1,1,493,validation
1,1,494,validation
0,0,495,validation
0,0,496,validation
1,1,497,validation
0,0,498,validation
1,0,499,validation
0,0,500,validation
1,1,501,validation
0,0,502,validation
1,1,503,validation
0,0,504,validation
1,1,505,validation
1,1,506,validation
0,0,507,validation
1,1,508,validation
1,1,509,validation
1,1,510,validation
1,1,511,validation
0,0,512,validation
0,0,513,validation
1,1,514,validation
0,0,515,validation
1,1,516,validation
1,1,517,validation
1,1,518,validation
0,0,519,validation
0,0,520,validation
0,0,521,validation
0,0,522,validation
1,1,523,validation
1,1,524,validation
0,0,525,validation
1,0,526,validation
1,1,527,validation
1,1,528,validation
1,1,529,validation
0,1,530,validation
0,0,531,validation
1,1,532,validation
1,1,533,validation
0,0,534,validation
1,1,535,validation
1,1,536,validation
0,0,537,validation
0,0,538,validation
0,0,539,validation
0,0,540,validation
0,1,541,validation
0,0,542,validation
0,0,543,validation
1,1,544,validation
0,0,545,validation
1,1,546,validation
0,1,547,validation
1,1,548,validation
1,1,549,validation
1,0,550,validation
1,1,551,validation
0,0,552,validation
0,0,553,validation
0,0,554,validation
0,0,555,validation
0,0,556,validation
1,1,557,validation
0,0,558,validation
1,1,559,validation
1,1,560,validation
1,0,561,validation
1,1,562,validation
0,1,563,validation
1,1,564,validation
1,1,565,validation
0,1,566,validation
0,0,567,validation
1,1,568,validation
0,1,569,validation
0,0,570,validation
0,1,571,validation
0,0,572,validation
1,1,573,validation
0,0,574,validation
0,0,575,validation
0,0,576,validation
0,0,577,validation
0,0,578,validation
0,0,579,validation
1,1,580,validation
0,0,581,validation
1,1,582,validation
0,0,583,validation
0,0,584,validation
0,0,585,validation
1,1,586,validation
1,1,587,validation
0,0,588,validation
1,1,589,validation
1,1,590,validation
1,1,591,validation
0,0,592,validation
1,1,593,validation
1,1,594,validation
1,1,595,validation
0,0,596,validation
1,1,597,validation
1,1,598,validation
0,0,599,validation
0,0,600,validation
1,1,601,validation
0,0,602,validation
1,1,603,validation
0,0,604,validation
1,0,605,validation
1,1,606,validation
0,0,607,validation
0,0,608,validation
0,0,609,validation
0,0,610,validation
1,1,611,validation
0,0,612,validation
1,1,613,validation
1,1,614,validation
1,1,615,validation
0,0,616,validation
0,0,617,validation
0,0,618,validation
0,0,619,validation
1,1,620,validation
1,1,621,validation
0,0,622,validation
0,1,623,validation
0,0,624,validation
1,1,625,validation
0,0,626,validation
1,1,627,validation
1,1,628,validation
1,1,629,validation
0,0,630,validation
0,0,631,validation
1,1,632,validation
0,0,633,validation
1,1,634,validation
0,0,635,validation
1,1,636,validation
1,1,637,validation
1,1,638,validation
1,0,639,validation
1,1,640,validation
1,1,641,validation
1,1,642,validation
1,1,643,validation
1,1,644,validation
0,0,645,validation
1,1,646,validation
0,0,647,validation
1,1,648,validation
0,0,649,validation
0,0,650,validation
0,0,651,validation
1,1,652,validation
1,0,653,validation
0,0,654,validation
0,0,655,validation
0,0,656,validation
1,1,657,validation
0,0,658,validation
0,0,659,validation
1,0,660,validation
0,0,661,validation
0,0,662,validation
1,1,663,validation
0,0,664,validation
0,0,665,validation
0,0,666,validation
1,1,667,validation
1,1,668,validation
1,1,669,validation
0,0,670,validation
1,1,671,validation
0,0,672,validation
1,0,673,validation
1,1,674,validation
1,1,675,validation
0,0,676,validation
1,1,677,validation
0,0,678,validation
1,1,679,validation
1,1,680,validation
0,0,681,validation
0,0,682,validation
1,1,683,validation
1,1,684,validation
1,1,685,validation
1,0,686,validation
0,0,687,validation
0,0,688,validation
0,0,689,validation
1,1,690,validation
0,0,691,validation
0,0,692,validation
0,1,693,validation
0,0,694,validation
0,0,695,validation
0,0,696,validation
0,0,697,validation
0,0,698,validation
0,1,699,validation
0,1,700,validation
0,0,701,validation
0,0,702,validation
1,1,703,validation
1,1,704,validation
0,0,705,validation
1,1,706,validation
0,0,707,validation
0,0,708,validation
0,0,709,validation
1,1,710,validation
0,1,711,validation
0,0,712,validation
0,0,713,validation
0,0,714,validation
1,1,715,validation
0,0,716,validation
1,1,717,validation
0,0,718,validation
0,0,719,validation
0,0,720,validation
0,0,721,validation
0,0,722,validation
1,1,723,validation
1,1,724,validation
1,1,725,validation
0,0,726,validation
1,1,727,validation
1,1,728,validation
0,1,729,validation
0,0,730,validation
0,0,731,validation
0,0,732,validation
0,0,733,validation
0,0,734,validation
1,1,735,validation
0,0,736,validation
0,0,737,validation
1,0,738,validation
0,0,739,validation
1,1,740,validation
1,0,741,validation
1,1,742,validation
1,1,743,validation
1,1,744,validation
0,0,745,validation
1,1,746,validation
0,0,747,validation
1,1,748,validation
1,1,749,validation
1,1,750,validation
0,0,751,validation
1,1,752,validation
0,0,753,validation
0,0,754,validation
1,1,755,validation
1,1,756,validation
0,0,757,validation
0,0,758,validation
1,1,759,validation
0,0,760,validation
0,0,761,validation
1,1,762,validation
1,1,763,validation
1,1,764,validation
1,1,765,validation
0,0,766,validation
0,1,767,validation
1,1,768,validation
0,0,769,validation
1,1,770,validation
1,1,771,validation
1,1,772,validation
0,0,773,validation
0,0,774,validation
0,0,775,validation
1,1,776,validation
0,0,777,validation
1,1,778,validation
0,0,779,validation
0,0,780,validation
1,1,781,validation
0,0,782,validation
1,1,783,validation
1,1,784,validation
1,1,785,validation
0,0,786,validation
0,0,787,validation
1,1,788,validation
0,0,789,validation
0,0,790,validation
0,0,791,validation
1,1,792,validation
0,0,793,validation
1,1,794,validation
1,1,795,validation
0,0,796,validation
0,0,797,validation
1,1,798,validation
1,0,799,validation
1,1,800,validation
0,0,801,validation
0,0,802,validation
1,1,803,validation
0,0,804,validation
1,1,805,validation
1,1,806,validation
1,1,807,validation
0,0,808,validation
1,1,809,validation
0,0,810,validation
1,1,811,validation
1,1,812,validation
1,1,813,validation
0,0,814,validation
1,1,815,validation
1,1,816,validation
1,1,817,validation
0,0,818,validation
0,0,819,validation
0,1,820,validation
0,0,821,validation
0,1,822,validation
0,0,823,validation
1,1,824,validation
0,0,825,validation
0,0,826,validation
0,0,827,validation
1,1,828,validation
1,1,829,validation
0,0,830,validation
0,0,831,validation
0,0,832,validation
0,0,833,validation
1,1,834,validation
0,0,835,validation
0,0,836,validation
0,0,837,validation
1,1,838,validation
1,1,839,validation
1,1,840,validation
1,0,841,validation
1,1,842,validation
1,1,843,validation
1,1,844,validation
0,0,845,validation
0,1,846,validation
1,1,847,validation
0,0,848,validation
1,1,849,validation
1,0,850,validation
1,0,851,validation
0,0,852,validation
1,1,853,validation
0,0,854,validation
1,1,855,validation
1,1,856,validation
1,1,857,validation
0,0,858,validation
1,1,859,validation
1,1,860,validation
0,0,861,validation
1,1,862,validation
0,0,863,validation
1,1,864,validation
0,1,865,validation
1,1,866,validation
1,1,867,validation
1,1,868,validation
0,0,869,validation
1,1,870,validation
1,1,871,validation
