0,1,identifier,split
0.9992489,0.0007511031,0,test
0.9899638,0.0100361295,1,test
0.022788785,0.97721124,2,test
0.004909737,0.99509025,3,test
0.99784064,0.0021592868,4,test
0.99863595,0.0013640202,5,test
0.016204217,0.98379576,6,test
0.9737716,0.026228353,7,test
0.0030779997,0.99692196,8,test
0.010687126,0.9893128,9,test
0.9634145,0.036585506,10,test
0.0016703869,0.9983296,11,test
0.0025798741,0.9974201,12,test
0.99446154,0.0055384543,13,test
0.0071402523,0.9928597,14,test
0.95829546,0.041704554,15,test
0.0039309333,0.9960691,16,test
0.421467,0.578533,17,test
0.0195864,0.9804136,18,test
0.99460226,0.005397702,19,test
0.99487585,0.005124206,20,test
0.0039902125,0.9960098,21,test
0.0014809888,0.998519,22,test
0.007328445,0.9926716,23,test
0.9953004,0.0046995203,24,test
0.012107706,0.98789227,25,test
0.0054422994,0.99455774,26,test
0.006456576,0.9935434,27,test
0.9983144,0.0016855907,28,test
0.97055006,0.029449873,29,test
0.036850788,0.96314925,30,test
0.9985978,0.0014021986,31,test
0.5491052,0.4508948,32,test
0.013356694,0.9866433,33,test
0.0039887056,0.99601126,34,test
0.012747553,0.9872525,35,test
0.0072096167,0.99279034,36,test
0.9778455,0.022154478,37,test
0.14329122,0.85670877,38,test
0.0016247282,0.9983753,39,test
0.9980647,0.0019352601,40,test
0.0021805468,0.9978194,41,test
0.09231368,0.9076863,42,test
0.014952704,0.98504734,43,test
0.9708092,0.029190801,44,test
0.9801384,0.01986156,45,test
0.7683978,0.23160225,46,test
0.9980884,0.0019115465,47,test
0.99919134,0.00080863095,48,test
0.004048574,0.9959514,49,test
0.912439,0.08756098,50,test
0.0047581596,0.9952419,51,test
0.99863017,0.0013698525,52,test
0.9868787,0.013121271,53,test
0.96275616,0.037243843,54,test
0.0064707054,0.99352926,55,test
0.0028514452,0.9971486,56,test
0.9888909,0.011109136,57,test
0.0042433296,0.9957567,58,test
0.9972223,0.0027776924,59,test
0.94170856,0.05829142,60,test
0.9985367,0.0014632932,61,test
0.9837875,0.01621252,62,test
0.9892729,0.010727053,63,test
0.015282648,0.9847173,64,test
0.003313846,0.99668616,65,test
0.9987747,0.00122532,66,test
0.03411575,0.9658842,67,test
0.0032478154,0.99675226,68,test
0.9993297,0.0006703895,69,test
0.99664474,0.003355235,70,test
0.9444302,0.055569805,71,test
0.97513366,0.024866365,72,test
0.99484295,0.0051571275,73,test
0.56370765,0.43629235,74,test
0.0057396893,0.9942603,75,test
0.9921049,0.007895053,76,test
0.9950035,0.0049965326,77,test
0.0027971244,0.9972029,78,test
0.9612462,0.0387538,79,test
0.86001086,0.13998912,80,test
0.04489506,0.9551049,81,test
0.30868256,0.6913175,82,test
0.02189073,0.97810924,83,test
0.998645,0.001354984,84,test
0.91093045,0.08906955,85,test
0.011323316,0.98867667,86,test
0.92536616,0.07463386,87,test
0.0047283936,0.9952716,88,test
0.013481524,0.98651844,89,test
0.4256112,0.5743888,90,test
0.001830649,0.9981693,91,test
0.9927772,0.0072228415,92,test
0.99893373,0.0010663103,93,test
0.99889815,0.0011018435,94,test
0.008203772,0.99179626,95,test
0.99213433,0.00786561,96,test
0.9949845,0.0050155316,97,test
0.9948732,0.005126744,98,test
0.011800853,0.9881991,99,test
0.040277556,0.9597225,100,test
0.0031426344,0.9968574,101,test
0.006830628,0.9931693,102,test
0.99728715,0.0027128689,103,test
0.99791425,0.002085727,104,test
0.7402685,0.25973147,105,test
0.9972023,0.0027977834,106,test
0.93760747,0.062392544,107,test
0.57782143,0.42217854,108,test
0.0060238643,0.9939761,109,test
0.99848914,0.0015108495,110,test
0.0036897245,0.9963103,111,test
0.011204203,0.98879576,112,test
0.0544055,0.9455945,113,test
0.99641764,0.00358237,114,test
0.0018491036,0.9981509,115,test
0.31432983,0.68567014,116,test
0.026712257,0.9732877,117,test
0.0073294784,0.99267054,118,test
0.0030029379,0.9969971,119,test
0.9989479,0.0010521334,120,test
0.0036285298,0.9963715,121,test
0.0024515153,0.9975485,122,test
0.009649429,0.99035054,123,test
0.0056305886,0.99436945,124,test
0.9967891,0.0032108831,125,test
0.9166422,0.08335781,126,test
0.005891068,0.9941089,127,test
0.99751246,0.0024875696,128,test
0.0047775577,0.9952225,129,test
0.3504792,0.6495208,130,test
0.9976024,0.0023976273,131,test
0.0049455473,0.9950545,132,test
0.007847261,0.99215275,133,test
0.006213603,0.99378645,134,test
0.8810473,0.11895273,135,test
0.9982822,0.0017178515,136,test
0.94444865,0.055551298,137,test
0.998494,0.0015059214,138,test
0.0074326037,0.9925674,139,test
0.011087365,0.9889127,140,test
0.9974617,0.0025382482,141,test
0.5188464,0.48115364,142,test
0.9983261,0.0016738302,143,test
0.0035847214,0.99641526,144,test
0.99916303,0.00083697675,145,test
0.94523317,0.054766815,146,test
0.9908676,0.00913235,147,test
0.00422607,0.995774,148,test
0.0019870838,0.9980129,149,test
0.0074728667,0.9925271,150,test
0.021747986,0.97825205,151,test
0.997124,0.002875969,152,test
0.9877509,0.012249119,153,test
0.002527103,0.9974728,154,test
0.0075136167,0.99248636,155,test
0.2820809,0.71791905,156,test
0.9781341,0.021865869,157,test
0.14358085,0.8564191,158,test
0.37740183,0.62259823,159,test
0.99935776,0.0006422774,160,test
0.0031150929,0.9968849,161,test
0.9983707,0.0016293369,162,test
0.34660983,0.6533901,163,test
0.9086833,0.091316685,164,test
0.0093114255,0.99068856,165,test
0.9991166,0.0008833657,166,test
0.9981583,0.001841773,167,test
0.008458828,0.9915412,168,test
0.994928,0.0050720396,169,test
0.9965945,0.0034055081,170,test
0.0062261615,0.9937738,171,test
0.0025007143,0.9974993,172,test
0.98956937,0.010430641,173,test
0.023195714,0.9768043,174,test
0.023889707,0.9761103,175,test
0.9853608,0.014639216,176,test
0.99529344,0.0047065923,177,test
0.9995092,0.00049079146,178,test
0.004611546,0.9953884,179,test
0.9611454,0.038854565,180,test
0.94100934,0.05899063,181,test
0.9987978,0.0012021728,182,test
0.005371674,0.99462837,183,test
0.09352684,0.90647316,184,test
0.17288251,0.82711744,185,test
0.029164232,0.97083575,186,test
0.018911526,0.9810885,187,test
0.99836344,0.0016365477,188,test
0.9958834,0.0041165845,189,test
0.009818811,0.9901812,190,test
0.8968976,0.10310235,191,test
0.0029888293,0.9970112,192,test
0.99668103,0.0033189082,193,test
0.023545077,0.9764549,194,test
0.055317506,0.94468254,195,test
0.9991555,0.0008444678,196,test
0.99518967,0.004810376,197,test
0.008912909,0.99108714,198,test
0.0036567526,0.9963432,199,test
0.6299661,0.3700339,200,test
0.8494045,0.1505955,201,test
0.9987098,0.0012902571,202,test
0.0013657269,0.9986343,203,test
0.81374025,0.18625976,204,test
0.9986934,0.0013066075,205,test
0.99287236,0.007127669,206,test
0.99812645,0.0018735987,207,test
0.9997136,0.00028643353,208,test
0.0018931646,0.99810684,209,test
0.99806994,0.0019301213,210,test
0.01569273,0.9843072,211,test
0.001849703,0.99815035,212,test
0.77450085,0.22549915,213,test
0.90563655,0.09436348,214,test
0.0009426241,0.99905735,215,test
0.012358443,0.9876416,216,test
0.98451996,0.015480078,217,test
0.9648301,0.035169885,218,test
0.01592243,0.9840776,219,test
0.017708948,0.982291,220,test
0.94556445,0.05443557,221,test
0.027600443,0.97239953,222,test
0.96992713,0.030072797,223,test
0.7470219,0.25297803,224,test
0.98362607,0.016373962,225,test
0.99838305,0.0016169216,226,test
0.9870989,0.012901173,227,test
0.019399082,0.9806009,228,test
0.98562187,0.014378131,229,test
0.02399198,0.976008,230,test
0.0024421553,0.9975579,231,test
0.9974859,0.002514075,232,test
0.99425226,0.0057477364,233,test
0.0058668926,0.99413306,234,test
0.001268814,0.9987312,235,test
0.0017655191,0.9982345,236,test
0.99925905,0.0007409821,237,test
0.0017664741,0.99823356,238,test
0.9973761,0.0026239268,239,test
0.015550903,0.9844491,240,test
0.9227495,0.07725051,241,test
0.005749469,0.99425054,242,test
0.38850632,0.61149365,243,test
0.00090525456,0.9990947,244,test
0.012257984,0.98774195,245,test
0.99474597,0.0052540665,246,test
0.9966131,0.0033869268,247,test
0.036545463,0.96345454,248,test
0.003394305,0.99660575,249,test
0.049188226,0.95081174,250,test
0.16804643,0.8319536,251,test
0.013817893,0.9861821,252,test
0.71098787,0.28901213,253,test
0.98370486,0.016295131,254,test
0.0010667039,0.99893326,255,test
0.0022541692,0.9977458,256,test
0.9982911,0.001708954,257,test
0.005573431,0.9944266,258,test
0.0035025512,0.99649745,259,test
0.9958087,0.004191317,260,test
0.9911432,0.00885681,261,test
0.43549475,0.5645053,262,test
0.997223,0.0027769727,263,test
0.044245612,0.95575446,264,test
0.07394336,0.9260566,265,test
0.98220575,0.017794194,266,test
0.0025817242,0.9974183,267,test
0.33221206,0.66778797,268,test
0.95291686,0.04708318,269,test
0.7588166,0.24118347,270,test
0.007823436,0.9921766,271,test
0.82028216,0.17971785,272,test
0.021316636,0.97868335,273,test
0.9720763,0.027923746,274,test
0.0033870072,0.99661297,275,test
0.99326044,0.0067395032,276,test
0.9988708,0.0011292155,277,test
0.55690557,0.44309443,278,test
0.9595898,0.0404102,279,test
0.037110347,0.9628897,280,test
0.97492415,0.025075858,281,test
0.9966863,0.0033137042,282,test
0.9945972,0.0054028346,283,test
0.00976044,0.9902395,284,test
0.0062409304,0.99375904,285,test
0.9928685,0.007131493,286,test
0.9937377,0.0062622684,287,test
0.99844676,0.0015533033,288,test
0.9975291,0.0024709515,289,test
0.8964686,0.10353138,290,test
0.0029316049,0.99706846,291,test
0.018840509,0.98115957,292,test
0.009014612,0.9909854,293,test
0.49584368,0.50415635,294,test
0.009533997,0.990466,295,test
0.99829155,0.0017084554,296,test
0.0058226697,0.99417734,297,test
0.9935474,0.0064525763,298,test
0.0014352609,0.9985648,299,test
0.61503315,0.38496685,300,test
0.0022704082,0.9977296,301,test
0.00760601,0.992394,302,test
0.9984732,0.00152676,303,test
0.000569837,0.9994301,304,test
0.0064172545,0.99358267,305,test
0.0521197,0.9478803,306,test
0.0035721345,0.99642783,307,test
0.028301915,0.97169805,308,test
0.94265354,0.05734647,309,test
0.9873105,0.012689487,310,test
0.9738114,0.026188666,311,test
0.97962236,0.02037765,312,test
0.99853134,0.0014686806,313,test
0.99339783,0.006602176,314,test
0.99504906,0.0049509336,315,test
0.97186637,0.02813362,316,test
0.0038158859,0.99618405,317,test
0.9854914,0.014508583,318,test
0.0019196522,0.9980804,319,test
0.0041769096,0.99582314,320,test
0.99203414,0.007965845,321,test
0.007711864,0.9922881,322,test
0.011029075,0.988971,323,test
0.9915445,0.008455512,324,test
0.19812924,0.80187076,325,test
0.019517694,0.98048234,326,test
0.0014021471,0.9985978,327,test
0.83138233,0.16861768,328,test
0.9973749,0.0026250563,329,test
0.996846,0.003153954,330,test
0.98786604,0.012133932,331,test
0.0063576857,0.99364233,332,test
0.7986464,0.20135355,333,test
0.21232374,0.7876763,334,test
0.0034040406,0.9965959,335,test
0.0655361,0.9344639,336,test
0.9847135,0.015286518,337,test
0.31677234,0.68322766,338,test
0.004416424,0.9955836,339,test
0.93994546,0.0600546,340,test
0.0019090525,0.9980909,341,test
0.98159045,0.018409604,342,test
0.0026319071,0.99736816,343,test
0.288856,0.71114403,344,test
0.97893393,0.021066122,345,test
0.018793654,0.98120636,346,test
0.98071015,0.01928991,347,test
0.99596953,0.0040305173,348,test
0.0050005,0.9949995,349,test
0.98383385,0.016166147,350,test
0.99887925,0.0011207659,351,test
0.0072038686,0.9927961,352,test
0.0021141074,0.9978859,353,test
0.95797306,0.042026967,354,test
0.17117637,0.8288237,355,test
0.99962366,0.00037632688,356,test
0.015544055,0.98445594,357,test
0.99928254,0.00071750995,358,test
0.01832595,0.9816741,359,test
0.9981681,0.0018318475,360,test
0.09054223,0.90945774,361,test
0.99149334,0.008506673,362,test
0.032107968,0.96789205,363,test
0.73282546,0.26717457,364,test
0.99275875,0.007241198,365,test
0.9702363,0.029763624,366,test
0.006119077,0.99388087,367,test
0.9951255,0.004874555,368,test
0.0025287864,0.9974712,369,test
0.9809161,0.019083912,370,test
0.0187897,0.9812103,371,test
0.99797124,0.0020287666,372,test
0.98073524,0.019264793,373,test
0.9927861,0.007213895,374,test
0.012461355,0.9875387,375,test
0.534736,0.46526396,376,test
0.008276066,0.99172395,377,test
0.99730575,0.0026941844,378,test
0.99513286,0.0048670894,379,test
0.0028475393,0.99715245,380,test
0.0066540223,0.993346,381,test
0.0037401915,0.9962598,382,test
0.999275,0.0007249926,383,test
0.049731653,0.9502684,384,test
0.040922638,0.9590773,385,test
0.1690557,0.8309443,386,test
0.023217866,0.97678214,387,test
0.00449674,0.99550325,388,test
0.99917775,0.00082217203,389,test
0.003469014,0.99653107,390,test
0.01821113,0.9817888,391,test
0.00694395,0.9930561,392,test
0.93649477,0.06350522,393,test
0.055030003,0.94496995,394,test
0.9691237,0.030876327,395,test
0.96195626,0.03804375,396,test
0.89396566,0.10603438,397,test
0.05128244,0.94871753,398,test
0.99825805,0.0017419611,399,test
0.9892097,0.010790364,400,test
0.006209976,0.99379,401,test
0.005528782,0.9944712,402,test
0.06939396,0.93060607,403,test
0.0018342775,0.9981658,404,test
0.99625117,0.0037488935,405,test
0.0055215615,0.99447846,406,test
0.999503,0.0004969754,407,test
0.99733526,0.002664741,408,test
0.020388667,0.97961134,409,test
0.9917101,0.008289952,410,test
0.9547255,0.045274526,411,test
0.98021245,0.019787516,412,test
0.9273613,0.07263873,413,test
0.99864537,0.0013546111,414,test
0.9950375,0.0049624857,415,test
0.013922757,0.9860772,416,test
0.0034630352,0.99653697,417,test
0.99548584,0.004514188,418,test
0.99854577,0.0014542213,419,test
0.9980876,0.0019124155,420,test
0.8863106,0.11368944,421,test
0.9930253,0.0069746654,422,test
0.08798344,0.9120166,423,test
0.99515057,0.0048494376,424,test
0.024962619,0.97503734,425,test
0.010708337,0.9892917,426,test
0.0055362913,0.99446374,427,test
0.070201755,0.92979825,428,test
0.0067546084,0.9932454,429,test
0.9042014,0.09579861,430,test
0.0019459615,0.998054,431,test
0.45569298,0.54430705,432,test
0.0044658817,0.99553406,433,test
0.0032071918,0.99679285,434,test
0.83568555,0.1643145,435,test
0.035487253,0.9645127,436,test
0.99938023,0.0006197897,437,test
0.9961838,0.0038161685,438,test
0.018880654,0.9811194,439,test
0.0009973691,0.99900264,440,test
0.9985611,0.0014389196,441,test
0.23509973,0.76490027,442,test
0.9993554,0.0006446139,443,test
0.99401516,0.005984867,444,test
0.5205796,0.47942045,445,test
0.9996966,0.00030338325,446,test
0.00666751,0.99333245,447,test
0.08600198,0.913998,448,test
0.0025458713,0.9974541,449,test
0.001822614,0.9981774,450,test
0.9993761,0.000623909,451,test
0.8914769,0.10852312,452,test
0.9977805,0.0022195016,453,test
0.9911663,0.008833688,454,test
0.20986861,0.79013145,455,test
0.99045277,0.009547267,456,test
0.9988906,0.0011094995,457,test
0.018953037,0.981047,458,test
0.0032086433,0.9967913,459,test
0.18954009,0.8104599,460,test
0.6101388,0.38986123,461,test
0.012372546,0.9876274,462,test
0.007941167,0.99205875,463,test
0.030315671,0.9696843,464,test
0.0014472869,0.99855274,465,test
0.014881359,0.9851186,466,test
0.12106357,0.8789364,467,test
0.9415902,0.058409877,468,test
0.003322513,0.9966775,469,test
0.04203741,0.9579626,470,test
0.998185,0.0018150061,471,test
0.0047773393,0.9952226,472,test
0.739285,0.260715,473,test
0.004683287,0.99531674,474,test
0.99085,0.009150096,475,test
0.9544135,0.045586523,476,test
0.5372385,0.4627615,477,test
0.005715424,0.9942846,478,test
0.9987231,0.0012769441,479,test
0.0017944067,0.99820554,480,test
0.6670354,0.3329646,481,test
0.9916265,0.008373426,482,test
0.0101463515,0.9898537,483,test
0.0050894064,0.99491066,484,test
0.54190737,0.4580926,485,test
0.9970644,0.0029356007,486,test
0.9927967,0.0072032474,487,test
0.9967981,0.003201928,488,test
0.9938054,0.0061946516,489,test
0.0015429292,0.9984571,490,test
0.99808145,0.0019185251,491,test
0.005094361,0.9949057,492,test
0.42292282,0.57707715,493,test
0.0069432654,0.99305665,494,test
0.9882763,0.011723733,495,test
0.993386,0.0066140736,496,test
0.004474022,0.995526,497,test
0.11041168,0.88958836,498,test
0.98931634,0.010683668,499,test
0.5788263,0.42117372,500,test
0.004247813,0.9957522,501,test
0.71369356,0.2863064,502,test
0.004759431,0.99524057,503,test
0.8225805,0.17741948,504,test
0.004944557,0.99505544,505,test
0.99881566,0.0011843697,506,test
0.94456106,0.055438902,507,test
0.9771015,0.022898454,508,test
0.9846793,0.015320757,509,test
0.0077936305,0.9922064,510,test
0.99575555,0.0042444784,511,test
0.0057639894,0.99423605,512,test
0.99919516,0.0008048786,513,test
0.9991542,0.00084574486,514,test
0.9999479,5.2076666e-05,515,test
0.13549767,0.8645023,516,test
0.0070022605,0.99299777,517,test
0.0073051704,0.99269485,518,test
0.9996842,0.00031576218,519,test
0.98213273,0.017867213,520,test
0.008817199,0.9911828,521,test
0.010995361,0.9890047,522,test
0.4708521,0.52914786,523,test
0.5878244,0.41217557,524,test
0.9920378,0.007962218,525,test
0.032711525,0.96728843,526,test
0.9992866,0.0007134284,527,test
0.008303087,0.99169695,528,test
0.9974546,0.00254546,529,test
0.01025556,0.9897445,530,test
0.99409145,0.0059085563,531,test
0.04223209,0.95776784,532,test
0.99969745,0.0003025918,533,test
0.020147372,0.9798527,534,test
0.0035194545,0.9964805,535,test
0.95515853,0.04484145,536,test
0.9983607,0.0016393345,537,test
0.009440855,0.9905592,538,test
0.99219537,0.007804615,539,test
0.4804538,0.5195462,540,test
0.25090033,0.7490996,541,test
0.8717118,0.12828825,542,test
0.6671321,0.3328679,543,test
0.9823658,0.0176342,544,test
0.99423164,0.0057683685,545,test
0.9965469,0.0034530342,546,test
0.0044875965,0.9955124,547,test
0.99945277,0.0005472325,548,test
0.08471422,0.91528577,549,test
0.8650015,0.1349985,550,test
0.9992879,0.00071216363,551,test
0.9977738,0.0022262132,552,test
0.046629835,0.9533702,553,test
0.027571669,0.9724283,554,test
0.8566822,0.14331786,555,test
0.07019063,0.92980933,556,test
0.019511953,0.98048806,557,test
0.0049453126,0.9950547,558,test
0.9321381,0.06786188,559,test
0.057763472,0.9422365,560,test
0.9081553,0.091844685,561,test
0.015154216,0.98484576,562,test
0.1952697,0.80473024,563,test
0.0022037975,0.9977962,564,test
0.28464562,0.71535444,565,test
0.005810388,0.9941896,566,test
0.9998622,0.00013779252,567,test
0.01544783,0.98455215,568,test
0.00673784,0.9932621,569,test
0.9976234,0.0023766446,570,test
0.010359334,0.98964065,571,test
0.02238594,0.97761405,572,test
0.9990588,0.0009412299,573,test
0.9990741,0.00092587125,574,test
0.00868177,0.9913182,575,test
0.012148784,0.9878512,576,test
0.9940101,0.005989987,577,test
0.008725974,0.99127406,578,test
0.9985524,0.001447637,579,test
0.9910171,0.008982851,580,test
0.9994741,0.0005259698,581,test
0.0037750923,0.9962249,582,test
0.99713576,0.0028642784,583,test
0.9486793,0.051320687,584,test
0.9955772,0.0044228253,585,test
0.0023129135,0.9976871,586,test
0.9968528,0.0031471546,587,test
0.003754832,0.9962451,588,test
0.9975309,0.0024691774,589,test
0.024217242,0.97578275,590,test
0.06512941,0.9348706,591,test
0.9949067,0.0050932905,592,test
0.5888071,0.41119283,593,test
0.005517413,0.99448264,594,test
0.06472241,0.93527764,595,test
0.09518873,0.9048113,596,test
0.016804056,0.9831959,597,test
0.0039013268,0.99609864,598,test
0.9696286,0.030371388,599,test
0.99127805,0.0087219905,600,test
0.9654245,0.034575567,601,test
0.0038766763,0.9961234,602,test
0.99665207,0.0033478958,603,test
0.0021419972,0.997858,604,test
0.42282543,0.5771746,605,test
0.006827407,0.9931726,606,test
0.011320243,0.9886798,607,test
0.14570038,0.8542996,608,test
0.5394702,0.46052983,609,test
0.9972932,0.002706812,610,test
0.007324335,0.9926757,611,test
0.9815338,0.018466223,612,test
0.9966755,0.003324557,613,test
0.005334125,0.99466586,614,test
0.029875033,0.9701249,615,test
0.0024135562,0.9975865,616,test
0.0081630945,0.99183685,617,test
0.997549,0.0024510042,618,test
0.9405208,0.059479132,619,test
0.003110979,0.99688905,620,test
0.99970466,0.00029530493,621,test
0.0031022662,0.9968977,622,test
0.9803499,0.019650064,623,test
0.00202201,0.99797803,624,test
0.010400911,0.9895991,625,test
0.7943192,0.20568076,626,test
0.0018326351,0.9981674,627,test
0.036246363,0.96375364,628,test
0.014416321,0.98558366,629,test
0.0026361381,0.99736387,630,test
0.9976426,0.0023573942,631,test
0.9931979,0.0068021044,632,test
0.9946386,0.0053614117,633,test
0.9921015,0.00789846,634,test
0.3202773,0.67972267,635,test
0.27166706,0.72833294,636,test
0.9962894,0.0037106676,637,test
0.9915793,0.008420759,638,test
0.026597714,0.9734023,639,test
0.38113436,0.61886567,640,test
0.0060040886,0.9939959,641,test
0.89355904,0.10644093,642,test
0.9854689,0.01453103,643,test
0.13977225,0.86022776,644,test
0.99843854,0.0015614914,645,test
0.9973295,0.0026705002,646,test
0.0020077925,0.9979923,647,test
0.0024241393,0.9975758,648,test
0.9941293,0.0058707404,649,test
0.002740495,0.9972595,650,test
0.43933228,0.56066775,651,test
0.99066424,0.009335776,652,test
0.004577502,0.99542254,653,test
0.0017369508,0.99826306,654,test
0.9977598,0.002240104,655,test
0.8301655,0.16983452,656,test
0.0044276677,0.9955723,657,test
0.0017578152,0.99824214,658,test
0.9334532,0.06654682,659,test
0.0024722763,0.9975278,660,test
0.012694295,0.98730564,661,test
0.06610512,0.9338949,662,test
0.8931853,0.10681473,663,test
0.003822602,0.99617743,664,test
0.0033822013,0.99661785,665,test
0.9921157,0.007884365,666,test
0.9945851,0.005414885,667,test
0.9973707,0.0026293173,668,test
0.0010970733,0.9989029,669,test
0.9971921,0.002807944,670,test
0.005130477,0.9948696,671,test
0.9987147,0.001285368,672,test
0.0021486385,0.9978514,673,test
0.0024072442,0.99759275,674,test
0.99821764,0.0017823448,675,test
0.004658532,0.99534154,676,test
0.38947824,0.61052173,677,test
0.9948907,0.0051092478,678,test
0.0043756845,0.99562436,679,test
0.003996508,0.99600345,680,test
0.7742079,0.22579211,681,test
0.7313858,0.26861417,682,test
0.9941964,0.005803605,683,test
0.007195559,0.99280447,684,test
0.06750735,0.9324927,685,test
0.997738,0.002262034,686,test
0.18717526,0.8128247,687,test
0.989901,0.010099074,688,test
0.99736434,0.0026356105,689,test
0.9972959,0.0027041116,690,test
0.98856306,0.01143694,691,test
0.9983615,0.0016384567,692,test
0.018577905,0.98142207,693,test
0.9882708,0.011729136,694,test
0.95512503,0.04487495,695,test
0.96937424,0.030625721,696,test
0.0055449717,0.99445504,697,test
0.9969273,0.003072627,698,test
0.9846299,0.015370024,699,test
0.002135094,0.9978649,700,test
0.0055988994,0.99440116,701,test
0.0018311292,0.9981688,702,test
0.87762076,0.12237928,703,test
0.9997683,0.0002317136,704,test
0.9427166,0.057283428,705,test
0.89854735,0.10145266,706,test
0.0026123868,0.9973876,707,test
0.93754166,0.06245837,708,test
0.002818557,0.9971814,709,test
0.004730463,0.9952695,710,test
0.9984322,0.0015677694,711,test
0.0023237593,0.9976762,712,test
0.99806005,0.0019399752,713,test
0.9418181,0.05818191,714,test
0.22213872,0.77786124,715,test
0.0023805143,0.99761945,716,test
0.0010590077,0.998941,717,test
0.9975674,0.0024326167,718,test
0.0011056092,0.9988944,719,test
0.001907485,0.9980925,720,test
0.91336906,0.08663098,721,test
0.0012174983,0.99878246,722,test
0.0015078787,0.9984921,723,test
0.9780929,0.021907104,724,test
0.99214727,0.007852764,725,test
0.0053237425,0.99467623,726,test
0.0047827745,0.9952172,727,test
0.8851316,0.114868365,728,test
0.9982765,0.0017235292,729,test
0.00077809714,0.9992219,730,test
0.074784845,0.9252152,731,test
0.99263096,0.007369026,732,test
0.0036344584,0.99636555,733,test
0.9839473,0.016052712,734,test
0.0012591544,0.99874085,735,test
0.99532795,0.0046720556,736,test
0.99088883,0.009111231,737,test
0.99944896,0.00055098324,738,test
0.003851582,0.99614847,739,test
0.9178705,0.082129404,740,test
0.0055178734,0.99448216,741,test
0.0012488766,0.99875116,742,test
0.003393687,0.99660635,743,test
0.99204296,0.007957017,744,test
0.9450814,0.054918516,745,test
0.985816,0.01418401,746,test
0.9502739,0.049726155,747,test
0.6843576,0.31564242,748,test
0.04061427,0.95938575,749,test
0.97658575,0.023414288,750,test
0.99514633,0.0048536016,751,test
0.069409035,0.93059105,752,test
0.0026743067,0.99732566,753,test
0.9987109,0.0012891098,754,test
0.91573423,0.08426578,755,test
0.01593623,0.98406374,756,test
0.05811461,0.94188535,757,test
0.99837446,0.0016255622,758,test
0.999159,0.00084097305,759,test
0.79934835,0.20065163,760,test
0.715442,0.28455803,761,test
0.9564501,0.043549884,762,test
0.005613384,0.9943867,763,test
0.21446471,0.7855353,764,test
0.0018995337,0.99810046,765,test
0.846123,0.15387702,766,test
0.9720395,0.027960464,767,test
0.0060268263,0.9939732,768,test
0.9929181,0.0070819017,769,test
0.9926819,0.007318104,770,test
0.9953916,0.0046083997,771,test
0.97937804,0.020621987,772,test
0.9943591,0.005640981,773,test
0.65642464,0.34357533,774,test
0.99255824,0.0074417554,775,test
0.22713237,0.7728676,776,test
0.96299756,0.03700242,777,test
0.9935777,0.0064222305,778,test
0.07737344,0.9226265,779,test
0.008887179,0.99111277,780,test
0.0057837907,0.9942162,781,test
0.002766272,0.9972337,782,test
0.012950367,0.98704964,783,test
0.9050614,0.09493853,784,test
0.9981705,0.0018294486,785,test
0.98581123,0.014188737,786,test
0.10145777,0.8985422,787,test
0.74643445,0.25356558,788,test
0.004184628,0.99581534,789,test
0.022321409,0.97767854,790,test
0.99001837,0.009981572,791,test
0.99602216,0.003977913,792,test
0.99571496,0.004284982,793,test
0.9986064,0.0013936716,794,test
0.17202307,0.8279769,795,test
0.97959065,0.020409334,796,test
0.021016553,0.97898346,797,test
0.52817804,0.471822,798,test
0.99743074,0.0025692203,799,test
0.0036130322,0.996387,800,test
0.004635145,0.9953649,801,test
0.0052804076,0.9947196,802,test
0.9971522,0.002847765,803,test
0.9975313,0.0024686768,804,test
0.004369933,0.99563,805,test
0.0014625813,0.9985374,806,test
0.018866558,0.9811335,807,test
0.006619483,0.99338055,808,test
0.002508238,0.9974917,809,test
0.0034894643,0.99651057,810,test
0.2810216,0.7189784,811,test
0.9957858,0.0042142593,812,test
0.011746677,0.9882533,813,test
0.008481826,0.9915182,814,test
0.99844366,0.0015563539,815,test
0.9741941,0.025805881,816,test
0.9979663,0.0020337405,817,test
0.005836399,0.9941636,818,test
0.9973334,0.0026666296,819,test
0.9915263,0.008473733,820,test
0.9771165,0.022883497,821,test
0.9876703,0.012329636,822,test
0.9838245,0.016175477,823,test
0.002969369,0.9970306,824,test
0.9989467,0.0010532566,825,test
0.05520056,0.9447995,826,test
0.46523798,0.534762,827,test
0.005448228,0.99455184,828,test
0.019674012,0.98032594,829,test
0.008072997,0.991927,830,test
0.091448285,0.9085517,831,test
0.008266635,0.9917333,832,test
0.9995821,0.0004179251,833,test
0.9948001,0.0051999,834,test
0.99725085,0.0027490964,835,test
0.030613186,0.9693868,836,test
0.99564654,0.004353386,837,test
0.99760675,0.0023932857,838,test
0.0072013014,0.9927987,839,test
0.0043380056,0.99566203,840,test
0.8640692,0.13593072,841,test
0.008360616,0.99163944,842,test
0.00915625,0.9908438,843,test
0.012110229,0.9878898,844,test
0.019873919,0.9801261,845,test
0.9998056,0.00019437599,846,test
0.0047815214,0.99521846,847,test
0.29102677,0.7089732,848,test
0.99404824,0.00595174,849,test
0.94942063,0.050579365,850,test
0.36430538,0.6356946,851,test
0.09628088,0.90371907,852,test
0.07240046,0.9275995,853,test
0.01803725,0.98196274,854,test
0.013320272,0.98667973,855,test
0.034088995,0.96591103,856,test
0.008347959,0.9916521,857,test
0.16916654,0.83083344,858,test
0.005259974,0.99474007,859,test
0.9912111,0.008788849,860,test
0.0032773144,0.99672264,861,test
0.9571632,0.042836804,862,test
0.009548998,0.99045104,863,test
0.96818,0.031820014,864,test
0.010300811,0.9896992,865,test
0.94807595,0.051924095,866,test
0.9909089,0.009091101,867,test
0.0075150826,0.992485,868,test
0.98991406,0.010085882,869,test
0.99978405,0.00021594118,870,test
0.9980044,0.0019955935,871,test
0.9995421,0.00045788975,872,test
0.0064150165,0.99358493,873,test
0.9879397,0.012060317,874,test
0.08343931,0.91656065,875,test
0.006203058,0.99379694,876,test
0.0035031305,0.99649686,877,test
0.99836415,0.0016359106,878,test
0.9996716,0.00032842488,879,test
0.3956117,0.6043883,880,test
0.0039075674,0.9960924,881,test
0.035146154,0.9648538,882,test
0.24165903,0.758341,883,test
0.99818283,0.0018171499,884,test
0.030815998,0.969184,885,test
0.00587851,0.9941215,886,test
0.96041745,0.03958247,887,test
0.9981304,0.0018696756,888,test
0.887014,0.11298609,889,test
0.008611064,0.991389,890,test
0.0068518426,0.99314815,891,test
0.009197352,0.99080265,892,test
0.99968565,0.00031433697,893,test
0.68397945,0.31602055,894,test
0.99976593,0.0002340923,895,test
0.9704864,0.029513618,896,test
0.89557457,0.1044254,897,test
0.78900075,0.21099927,898,test
0.0021307669,0.99786925,899,test
0.0035032935,0.99649674,900,test
0.9973447,0.0026552987,901,test
0.9353991,0.064600915,902,test
0.8956396,0.10436041,903,test
0.993551,0.0064490223,904,test
0.0041108998,0.9958891,905,test
0.004562426,0.99543756,906,test
0.96010333,0.03989667,907,test
0.37273997,0.62726,908,test
0.0017646251,0.99823534,909,test
0.9929108,0.007089195,910,test
0.0074507627,0.9925492,911,test
0.0018643386,0.9981357,912,test
0.12755755,0.8724424,913,test
0.90860564,0.09139438,914,test
0.9242412,0.0757588,915,test
0.012705338,0.9872946,916,test
0.9976979,0.002302151,917,test
0.009258482,0.9907415,918,test
0.9970174,0.0029825864,919,test
0.008852676,0.99114734,920,test
0.99660325,0.0033967756,921,test
0.9949574,0.005042684,922,test
0.0016840253,0.99831605,923,test
0.05828675,0.9417132,924,test
0.9960538,0.0039461376,925,test
0.9971307,0.0028693352,926,test
0.28962195,0.710378,927,test
0.9895704,0.010429587,928,test
0.002474694,0.9975253,929,test
0.006599628,0.99340045,930,test
0.009358021,0.990642,931,test
0.9858182,0.0141818095,932,test
0.0067488365,0.99325114,933,test
0.9906178,0.009382159,934,test
0.03450066,0.96549934,935,test
0.0054373615,0.9945627,936,test
0.0032663033,0.99673367,937,test
0.007860856,0.99213916,938,test
0.99928147,0.00071855134,939,test
0.0047313706,0.99526864,940,test
0.9675262,0.032473795,941,test
0.96676844,0.033231616,942,test
0.0020735683,0.9979265,943,test
0.0019462514,0.9980538,944,test
0.9976458,0.00235418,945,test
0.008669844,0.99133015,946,test
0.615967,0.38403302,947,test
0.0067024725,0.9932975,948,test
0.9975969,0.0024031103,949,test
0.0045763147,0.99542373,950,test
0.99659675,0.0034032543,951,test
0.9947872,0.0052127517,952,test
0.0052899984,0.99470997,953,test
0.37515694,0.62484306,954,test
0.0074303453,0.9925696,955,test
0.0070036226,0.9929964,956,test
0.99811906,0.0018809556,957,test
0.9864342,0.013565734,958,test
0.002696852,0.9973031,959,test
0.011354175,0.9886458,960,test
0.52878326,0.47121677,961,test
0.003079406,0.9969206,962,test
0.0027720623,0.99722797,963,test
0.05011435,0.9498856,964,test
0.0019839315,0.998016,965,test
0.014598608,0.98540145,966,test
0.9991763,0.0008236423,967,test
0.015306032,0.984694,968,test
0.69708407,0.30291596,969,test
0.0042297957,0.99577016,970,test
0.017338768,0.9826613,971,test
0.0058011482,0.9941988,972,test
0.0030703067,0.9969297,973,test
0.99950397,0.0004960738,974,test
0.99745065,0.002549275,975,test
0.0026101007,0.99739,976,test
0.0060681626,0.9939319,977,test
0.011077153,0.98892283,978,test
0.011007823,0.9889922,979,test
0.9960751,0.003924885,980,test
0.18024866,0.8197513,981,test
0.998547,0.0014529652,982,test
0.99028206,0.00971799,983,test
0.039242927,0.960757,984,test
0.99615437,0.0038456223,985,test
0.020980591,0.97901934,986,test
0.024601504,0.9753984,987,test
0.95879775,0.04120219,988,test
0.9982498,0.001750085,989,test
0.9991246,0.0008754272,990,test
0.99536985,0.004630087,991,test
0.2443479,0.75565207,992,test
0.9949987,0.005001376,993,test
0.9325946,0.06740545,994,test
0.008553974,0.991446,995,test
0.008817725,0.9911823,996,test
0.050043587,0.9499564,997,test
0.016417617,0.9835824,998,test
0.9953648,0.004635175,999,test
0.97906876,0.020931298,1000,test
0.9931258,0.0068742097,1001,test
0.0053372937,0.99466264,1002,test
0.9993395,0.00066050794,1003,test
0.18099096,0.819009,1004,test
0.006462789,0.99353725,1005,test
0.011308709,0.98869133,1006,test
0.9899345,0.010065512,1007,test
0.99739045,0.0026095815,1008,test
0.0040567825,0.99594325,1009,test
0.0030457997,0.9969542,1010,test
0.011811289,0.9881887,1011,test
0.99529535,0.004704705,1012,test
0.0015999068,0.99840015,1013,test
0.10178912,0.8982109,1014,test
0.0017906569,0.99820936,1015,test
0.9919665,0.008033487,1016,test
0.99928063,0.0007193702,1017,test
0.9982811,0.0017189467,1018,test
0.97979945,0.020200532,1019,test
0.7606935,0.2393065,1020,test
0.20640932,0.7935907,1021,test
0.9984403,0.0015596607,1022,test
0.9992687,0.0007312754,1023,test
0.006517227,0.99348277,1024,test
0.049586438,0.9504136,1025,test
0.0110088615,0.98899114,1026,test
0.0049695326,0.9950304,1027,test
0.019557428,0.9804426,1028,test
0.9923086,0.00769134,1029,test
0.008879431,0.99112064,1030,test
0.3150321,0.6849679,1031,test
0.9972817,0.0027182668,1032,test
0.007115009,0.99288493,1033,test
0.03530815,0.9646918,1034,test
0.0066556553,0.9933443,1035,test
0.9156133,0.084386714,1036,test
0.014935856,0.9850641,1037,test
0.9626073,0.037392706,1038,test
0.99924445,0.00075560075,1039,test
0.9973569,0.0026431507,1040,test
0.2747244,0.7252756,1041,test
0.9969789,0.0030211175,1042,test
0.01639122,0.9836088,1043,test
0.12244103,0.87755895,1044,test
0.0076581226,0.9923419,1045,test
0.9981882,0.0018118308,1046,test
0.004334582,0.9956655,1047,test
0.99942684,0.00057313294,1048,test
0.008634548,0.99136543,1049,test
0.9912442,0.008755832,1050,test
0.010214906,0.98978513,1051,test
0.99625105,0.0037490078,1052,test
0.009711183,0.99028885,1053,test
0.01159169,0.98840827,1054,test
0.0067551145,0.99324495,1055,test
0.99867505,0.0013249265,1056,test
0.9977604,0.0022395744,1057,test
0.9997657,0.00023426354,1058,test
0.99471337,0.005286564,1059,test
0.9964462,0.00355386,1060,test
0.99948466,0.0005152784,1061,test
0.0358377,0.9641623,1062,test
0.014892582,0.98510736,1063,test
0.68397105,0.316029,1064,test
0.024025807,0.97597414,1065,test
0.011693688,0.98830634,1066,test
0.7841777,0.21582226,1067,test
0.005162732,0.9948372,1068,test
0.015624078,0.9843759,1069,test
0.009967047,0.990033,1070,test
0.02607256,0.9739274,1071,test
0.9668911,0.033108853,1072,test
0.015779013,0.984221,1073,test
0.017409988,0.98259,1074,test
0.82725906,0.17274094,1075,test
0.99859065,0.0014093166,1076,test
0.7913738,0.20862624,1077,test
0.47205654,0.52794343,1078,test
0.99828583,0.0017141135,1079,test
0.9989819,0.0010180891,1080,test
0.052795265,0.9472047,1081,test
0.9989969,0.0010031235,1082,test
0.95955586,0.04044416,1083,test
0.9961188,0.0038812193,1084,test
0.011743831,0.98825616,1085,test
0.96830875,0.031691205,1086,test
0.9977053,0.00229471,1087,test
0.015587328,0.9844127,1088,test
0.99643326,0.0035667315,1089,test
0.9964309,0.0035690516,1090,test
0.61527574,0.38472426,1091,test
0.9559212,0.04407881,1092,test
0.07097523,0.9290248,1093,test
0.9975783,0.0024216683,1094,test
0.25059107,0.74940896,1095,test
0.006553418,0.9934465,1096,test
0.0055412394,0.9944588,1097,test
0.9903764,0.009623567,1098,test
0.0035171257,0.99648285,1099,test
0.028490901,0.9715091,1100,test
0.9679735,0.032026563,1101,test
0.9870471,0.012952964,1102,test
0.0052581276,0.9947418,1103,test
0.0024364488,0.9975636,1104,test
0.99760133,0.0023987407,1105,test
0.002129443,0.99787056,1106,test
0.991523,0.008476927,1107,test
0.005348365,0.9946516,1108,test
0.98503023,0.014969759,1109,test
0.9679942,0.03200572,1110,test
0.999446,0.0005539714,1111,test
0.023292217,0.97670776,1112,test
0.18753041,0.8124696,1113,test
0.0078078797,0.9921921,1114,test
0.009372593,0.9906274,1115,test
0.0053078025,0.99469215,1116,test
0.0046246015,0.9953754,1117,test
0.0025061904,0.99749386,1118,test
0.9938023,0.0061976253,1119,test
0.996283,0.0037169731,1120,test
0.32902792,0.6709721,1121,test
0.0034833679,0.9965166,1122,test
0.9865862,0.013413834,1123,test
0.99849033,0.0015096155,1124,test
0.82784456,0.17215542,1125,test
0.014217287,0.98578274,1126,test
0.99627644,0.0037235692,1127,test
0.0018903429,0.9981097,1128,test
0.003222524,0.9967775,1129,test
0.003730033,0.99626994,1130,test
0.0034809457,0.9965191,1131,test
0.9949773,0.0050226413,1132,test
0.99923193,0.0007680679,1133,test
0.99351645,0.0064835744,1134,test
0.0057890243,0.99421096,1135,test
0.0024204084,0.99757963,1136,test
0.99946564,0.0005344137,1137,test
0.0026840782,0.99731594,1138,test
0.97733945,0.022660516,1139,test
0.022508696,0.97749126,1140,test
0.0076616034,0.9923384,1141,test
0.64925003,0.3507499,1142,test
0.99395883,0.006041188,1143,test
0.31524858,0.6847514,1144,test
0.90774983,0.09225013,1145,test
0.992183,0.007816932,1146,test
0.9814138,0.018586192,1147,test
0.5050803,0.4949197,1148,test
0.0033899106,0.9966101,1149,test
0.9941269,0.005873034,1150,test
0.9940532,0.005946828,1151,test
0.9945603,0.005439631,1152,test
0.02450675,0.97549325,1153,test
0.997157,0.0028429974,1154,test
0.0019655817,0.9980344,1155,test
0.6683865,0.33161342,1156,test
0.9982723,0.0017276445,1157,test
0.9928307,0.0071693533,1158,test
0.33991414,0.6600859,1159,test
0.9713722,0.02862781,1160,test
0.0013441951,0.9986558,1161,test
0.99478513,0.0052149436,1162,test
0.0015059557,0.998494,1163,test
0.011156295,0.9888437,1164,test
0.99653304,0.0034669375,1165,test
0.001698226,0.99830174,1166,test
0.005197414,0.9948026,1167,test
0.016845237,0.9831548,1168,test
0.0045256917,0.9954743,1169,test
0.9799619,0.020038147,1170,test
0.9966181,0.0033819925,1171,test
0.7137905,0.28620952,1172,test
0.004841406,0.9951586,1173,test
0.99785054,0.0021495384,1174,test
0.00252879,0.9974712,1175,test
0.034224905,0.96577513,1176,test
0.031044919,0.96895504,1177,test
0.99786156,0.0021384708,1178,test
0.0037040696,0.99629587,1179,test
0.0055692517,0.9944307,1180,test
0.97985727,0.020142721,1181,test
0.9968363,0.0031636686,1182,test
0.103627115,0.8963729,1183,test
0.9977234,0.0022765365,1184,test
0.0041419026,0.99585813,1185,test
0.003106649,0.9968933,1186,test
0.9860722,0.013927825,1187,test
0.9912914,0.008708601,1188,test
0.9939639,0.0060361056,1189,test
0.99381423,0.006185825,1190,test
0.0034124872,0.9965875,1191,test
0.9958391,0.0041608703,1192,test
0.0029715328,0.9970285,1193,test
0.0029620288,0.997038,1194,test
0.9061256,0.09387444,1195,test
0.97315997,0.026839951,1196,test
0.026134178,0.97386575,1197,test
0.001125342,0.9988746,1198,test
0.0032789863,0.99672097,1199,test
0.0025695455,0.9974305,1200,test
0.0013115329,0.9986885,1201,test
0.0084548,0.9915452,1202,test
0.86403745,0.13596258,1203,test
0.98330265,0.016697327,1204,test
0.99810237,0.0018976324,1205,test
0.98960847,0.010391595,1206,test
0.991059,0.008941031,1207,test
0.9644488,0.03555115,1208,test
0.52860147,0.47139853,1209,test
0.6833191,0.31668094,1210,test
0.0012723688,0.9987276,1211,test
0.9970867,0.0029132876,1212,test
0.74838173,0.25161827,1213,test
0.0075559714,0.992444,1214,test
0.99673045,0.0032695325,1215,test
0.99057895,0.009420978,1216,test
0.99979585,0.0002041825,1217,test
0.031664666,0.9683354,1218,test
0.98985004,0.010149901,1219,test
0.9992182,0.0007817344,1220,test
0.9995415,0.00045854892,1221,test
0.9234001,0.07659991,1222,test
0.019159293,0.98084074,1223,test
0.01935712,0.98064286,1224,test
0.0029825084,0.9970175,1225,test
0.59757805,0.40242198,1226,test
0.014131428,0.9858686,1227,test
0.006626407,0.99337363,1228,test
0.0037196125,0.9962804,1229,test
0.012381842,0.9876181,1230,test
0.027267268,0.9727328,1231,test
0.7820055,0.2179945,1232,test
0.99428576,0.0057142023,1233,test
0.9986141,0.001385858,1234,test
0.0020005591,0.99799937,1235,test
0.7635748,0.23642528,1236,test
0.019323867,0.9806762,1237,test
0.9883591,0.011640863,1238,test
0.9992956,0.00070443086,1239,test
0.07280818,0.92719185,1240,test
0.007330959,0.992669,1241,test
0.19839948,0.80160046,1242,test
0.06672251,0.9332775,1243,test
0.99878365,0.0012163857,1244,test
0.9904632,0.009536885,1245,test
0.8142461,0.18575388,1246,test
0.9933043,0.0066956156,1247,test
0.008898805,0.9911012,1248,test
0.037328452,0.9626715,1249,test
0.9886813,0.011318716,1250,test
0.014227823,0.9857722,1251,test
0.05588143,0.9441186,1252,test
0.0130065875,0.98699343,1253,test
0.9992908,0.00070920197,1254,test
0.009971122,0.9900289,1255,test
0.031921137,0.9680789,1256,test
0.96422833,0.035771716,1257,test
0.013871362,0.9861287,1258,test
0.98246014,0.017539935,1259,test
0.070757926,0.929242,1260,test
0.01048821,0.9895118,1261,test
0.0050957217,0.9949043,1262,test
0.99852544,0.0014746034,1263,test
0.8643435,0.13565646,1264,test
0.0048320093,0.995168,1265,test
0.9294838,0.07051622,1266,test
0.16286622,0.83713377,1267,test
0.0034101382,0.9965899,1268,test
0.9981042,0.0018957686,1269,test
0.9985499,0.0014500617,1270,test
0.003989327,0.99601066,1271,test
0.009610732,0.9903893,1272,test
0.02299529,0.97700465,1273,test
0.008809669,0.9911903,1274,test
0.0139129935,0.986087,1275,test
0.84990275,0.15009724,1276,test
0.99936646,0.0006335222,1277,test
0.003697944,0.996302,1278,test
0.99896765,0.0010323215,1279,test
0.9948466,0.0051534544,1280,test
0.024016619,0.9759833,1281,test
0.011682671,0.9883173,1282,test
0.05673495,0.9432651,1283,test
0.00581708,0.9941829,1284,test
0.253761,0.746239,1285,test
0.029839693,0.97016025,1286,test
0.0061540045,0.993846,1287,test
0.09187503,0.9081249,1288,test
0.9998223,0.00017769159,1289,test
0.0054750564,0.99452496,1290,test
0.99924755,0.00075244304,1291,test
0.011745393,0.98825467,1292,test
0.99842525,0.0015747667,1293,test
0.9969103,0.003089736,1294,test
0.09135757,0.9086425,1295,test
0.99823254,0.001767495,1296,test
0.984487,0.015513004,1297,test
0.9978617,0.0021383213,1298,test
0.3553187,0.64468133,1299,test
0.98076254,0.01923748,1300,test
0.0073440536,0.992656,1301,test
0.72034806,0.27965194,1302,test
0.97248536,0.027514715,1303,test
0.0010157155,0.9989843,1304,test
0.006538242,0.9934617,1305,test
0.0023248827,0.9976751,1306,test
0.006930363,0.9930696,1307,test
0.002399448,0.9976006,1308,test
0.999374,0.00062600174,1309,test
0.90218264,0.09781738,1310,test
0.9985135,0.0014864412,1311,test
0.85766447,0.14233549,1312,test
0.0071470514,0.992853,1313,test
0.9921589,0.007841171,1314,test
0.9943169,0.005683077,1315,test
0.99707067,0.002929331,1316,test
0.96935844,0.030641505,1317,test
0.9975139,0.0024861265,1318,test
0.0155143645,0.9844856,1319,test
0.4344302,0.56556976,1320,test
0.022795826,0.9772042,1321,test
0.0054666144,0.9945334,1322,test
0.9980282,0.001971802,1323,test
0.99019367,0.009806315,1324,test
0.0052461997,0.99475384,1325,test
0.008443284,0.99155676,1326,test
0.0063857664,0.99361426,1327,test
0.03725156,0.9627484,1328,test
0.99945253,0.0005474229,1329,test
0.30926114,0.6907389,1330,test
0.9574699,0.042530175,1331,test
0.0049282177,0.9950717,1332,test
0.009321943,0.9906781,1333,test
0.0122977225,0.9877023,1334,test
0.99923706,0.0007629695,1335,test
0.9852608,0.014739156,1336,test
0.4418401,0.55815995,1337,test
0.005845747,0.9941543,1338,test
0.0035185164,0.9964814,1339,test
0.923279,0.07672101,1340,test
0.9953441,0.0046559144,1341,test
0.015383777,0.9846162,1342,test
0.004448967,0.9955511,1343,test
0.014446902,0.9855531,1344,test
0.003201849,0.9967982,1345,test
0.94807464,0.05192534,1346,test
0.0023225858,0.9976774,1347,test
0.20769723,0.7923028,1348,test
0.0030303882,0.99696964,1349,test
0.99910814,0.00089179346,1350,test
0.014407142,0.9855928,1351,test
0.09543203,0.90456796,1352,test
0.33283496,0.66716504,1353,test
0.79801077,0.20198923,1354,test
0.9959778,0.0040222276,1355,test
0.0146698225,0.9853301,1356,test
0.014549781,0.98545027,1357,test
0.0040174494,0.9959825,1358,test
0.99292976,0.007070317,1359,test
0.9990972,0.0009028178,1360,test
0.0044141705,0.9955858,1361,test
0.0054216185,0.99457836,1362,test
0.9996013,0.00039865592,1363,test
0.9997465,0.0002534447,1364,test
0.16529237,0.8347076,1365,test
0.012308652,0.98769134,1366,test
0.26684988,0.73315006,1367,test
0.061948616,0.9380514,1368,test
0.9949319,0.0050681117,1369,test
0.48023564,0.51976436,1370,test
0.98845357,0.011546388,1371,test
0.9979686,0.0020313242,1372,test
0.99962854,0.00037138365,1373,test
0.030790145,0.96920985,1374,test
0.26930782,0.7306922,1375,test
0.02745427,0.9725458,1376,test
0.9129489,0.08705115,1377,test
0.9228367,0.07716331,1378,test
0.2626635,0.7373365,1379,test
0.005209662,0.9947903,1380,test
0.97556317,0.0244369,1381,test
0.0065648397,0.99343514,1382,test
0.11371934,0.8862806,1383,test
0.019471217,0.9805288,1384,test
0.9550484,0.044951662,1385,test
0.0030775138,0.99692243,1386,test
0.06179654,0.9382034,1387,test
0.99880695,0.0011930788,1388,test
0.9997776,0.00022235932,1389,test
0.9976876,0.0023123897,1390,test
0.77384704,0.22615293,1391,test
0.024310851,0.9756891,1392,test
0.010926465,0.9890736,1393,test
0.99264586,0.0073541063,1394,test
0.099171326,0.9008287,1395,test
0.0059667504,0.9940333,1396,test
0.0020968195,0.9979032,1397,test
0.52459455,0.4754054,1398,test
0.0034235595,0.99657637,1399,test
0.008458143,0.99154186,1400,test
0.41852757,0.58147246,1401,test
0.9996536,0.00034642412,1402,test
0.012968396,0.98703164,1403,test
0.99694127,0.0030586876,1404,test
0.013661507,0.98633856,1405,test
0.030344153,0.9696558,1406,test
0.99987495,0.00012498138,1407,test
0.9745883,0.025411705,1408,test
0.009023686,0.9909764,1409,test
0.9977431,0.0022569357,1410,test
0.0061003226,0.9938997,1411,test
0.9982856,0.0017144073,1412,test
0.000853336,0.9991467,1413,test
0.013367262,0.9866327,1414,test
0.026589911,0.9734101,1415,test
0.00285003,0.99715,1416,test
0.9970662,0.002933833,1417,test
0.0059785075,0.9940215,1418,test
0.0031918366,0.9968081,1419,test
0.993382,0.006617987,1420,test
0.017301919,0.98269814,1421,test
0.98426646,0.015733542,1422,test
0.005329902,0.9946701,1423,test
0.0031013135,0.99689865,1424,test
0.9697949,0.030205088,1425,test
0.99709034,0.0029096291,1426,test
0.8972864,0.10271352,1427,test
0.99943954,0.0005603971,1428,test
0.99251646,0.0074836123,1429,test
0.42690423,0.5730958,1430,test
0.0031514992,0.9968485,1431,test
0.16700998,0.83299005,1432,test
0.99953246,0.0004675943,1433,test
0.9960296,0.003970382,1434,test
0.9987552,0.0012448096,1435,test
0.008039943,0.99196,1436,test
0.048716456,0.9512836,1437,test
0.0051697195,0.9948303,1438,test
0.0018838986,0.99811614,1439,test
0.99775887,0.0022411507,1440,test
0.9994398,0.0005602305,1441,test
0.02624251,0.97375745,1442,test
0.9969837,0.0030163,1443,test
0.0036605906,0.99633944,1444,test
0.9362491,0.06375093,1445,test
0.95844316,0.041556798,1446,test
0.37759367,0.6224063,1447,test
0.003634522,0.9963654,1448,test
0.9865399,0.013460118,1449,test
0.07963242,0.92036766,1450,test
0.0028840632,0.99711597,1451,test
0.7715229,0.22847715,1452,test
0.98772115,0.012278844,1453,test
0.002506958,0.997493,1454,test
0.009703701,0.9902963,1455,test
0.93424714,0.06575283,1456,test
0.05382152,0.94617844,1457,test
0.9993088,0.0006912308,1458,test
0.037666757,0.96233326,1459,test
0.9853365,0.0146635305,1460,test
0.0030171503,0.9969829,1461,test
0.011387362,0.9886127,1462,test
0.919211,0.080789015,1463,test
0.0014027748,0.9985972,1464,test
0.7165201,0.28347993,1465,test
0.9933141,0.0066859345,1466,test
0.0041884724,0.9958116,1467,test
0.9985488,0.0014512244,1468,test
0.09674235,0.90325767,1469,test
0.15234809,0.8476519,1470,test
0.0074860356,0.99251395,1471,test
0.0073847286,0.99261534,1472,test
0.9916347,0.008365274,1473,test
0.99506253,0.0049374723,1474,test
0.0059120525,0.99408793,1475,test
0.9588394,0.041160624,1476,test
0.29265758,0.70734245,1477,test
0.021311108,0.9786889,1478,test
0.0060509425,0.99394906,1479,test
0.07756251,0.9224375,1480,test
0.9986291,0.0013709442,1481,test
0.99907637,0.00092362496,1482,test
0.9950694,0.0049306178,1483,test
0.998777,0.001223058,1484,test
0.97932154,0.02067842,1485,test
0.0364823,0.9635177,1486,test
0.9978669,0.0021331303,1487,test
0.06338841,0.9366116,1488,test
0.0031368155,0.99686325,1489,test
0.9942321,0.005767879,1490,test
0.72826505,0.27173498,1491,test
0.0054226443,0.9945774,1492,test
0.21457075,0.78542924,1493,test
0.9994746,0.00052546157,1494,test
0.99891806,0.0010820224,1495,test
0.022882288,0.97711766,1496,test
0.8667086,0.13329138,1497,test
0.77035284,0.22964716,1498,test
0.0061603417,0.9938397,1499,test
0.10983298,0.890167,1500,test
0.99008733,0.009912626,1501,test
0.998998,0.0010020002,1502,test
0.007110237,0.99288976,1503,test
0.0266132,0.9733869,1504,test
0.963482,0.036517974,1505,test
0.0068174433,0.9931826,1506,test
0.15472718,0.8452728,1507,test
0.9711157,0.028884266,1508,test
0.004242522,0.9957575,1509,test
0.013682456,0.9863175,1510,test
0.0048147882,0.9951852,1511,test
0.99252605,0.007473903,1512,test
0.8805852,0.119414784,1513,test
0.99740595,0.002594072,1514,test
0.99696356,0.003036477,1515,test
0.9980274,0.0019725373,1516,test
0.0027236314,0.99727637,1517,test
0.020791031,0.97920895,1518,test
0.99276394,0.0072360444,1519,test
0.9958086,0.0041913693,1520,test
0.018294454,0.98170555,1521,test
0.017471176,0.9825288,1522,test
0.991625,0.0083750505,1523,test
0.0033041066,0.9966959,1524,test
0.48646548,0.51353455,1525,test
0.003543635,0.9964563,1526,test
0.023039104,0.97696084,1527,test
0.010465401,0.98953456,1528,test
0.010268466,0.9897315,1529,test
0.33174857,0.66825145,1530,test
0.0029331187,0.9970669,1531,test
0.98331404,0.016685916,1532,test
0.99685174,0.0031483115,1533,test
0.006271673,0.9937283,1534,test
0.0022838155,0.9977162,1535,test
0.003486294,0.9965138,1536,test
0.9448053,0.055194717,1537,test
0.9434955,0.05650447,1538,test
0.89800495,0.10199507,1539,test
0.5213132,0.4786868,1540,test
0.003932491,0.9960675,1541,test
0.9851598,0.014840271,1542,test
0.6125111,0.38748887,1543,test
0.0025866944,0.99741334,1544,test
0.9988807,0.0011192892,1545,test
0.9963607,0.0036393295,1546,test
0.017139766,0.98286027,1547,test
0.998485,0.0015150484,1548,test
0.89443845,0.10556155,1549,test
0.0004944608,0.9995055,1550,test
0.15049224,0.84950775,1551,test
0.014482563,0.98551744,1552,test
0.99626875,0.0037312543,1553,test
0.0067954976,0.9932045,1554,test
0.9887551,0.011244922,1555,test
0.5790918,0.42090824,1556,test
0.9944699,0.0055300877,1557,test
0.020924743,0.97907525,1558,test
0.0012912231,0.9987087,1559,test
0.9984276,0.0015723985,1560,test
0.0059709097,0.99402916,1561,test
0.0035888848,0.99641114,1562,test
0.014511161,0.98548883,1563,test
0.0009573916,0.9990426,1564,test
0.0025959252,0.99740404,1565,test
0.706118,0.293882,1566,test
0.9977847,0.0022153375,1567,test
0.96678144,0.03321849,1568,test
0.8581412,0.14185877,1569,test
0.0042592236,0.9957408,1570,test
0.9790261,0.020973904,1571,test
0.0009738323,0.9990262,1572,test
0.32042074,0.67957926,1573,test
0.6937138,0.30628622,1574,test
0.9988393,0.0011606906,1575,test
0.98854595,0.011454054,1576,test
0.9041643,0.09583565,1577,test
0.9855747,0.0144252535,1578,test
0.0729869,0.92701304,1579,test
0.005143728,0.99485624,1580,test
0.016542196,0.9834578,1581,test
0.011211824,0.9887882,1582,test
0.0029886544,0.9970113,1583,test
0.002173151,0.9978269,1584,test
0.0034872447,0.9965127,1585,test
0.03372564,0.9662743,1586,test
0.9477743,0.052225746,1587,test
0.94904166,0.050958276,1588,test
0.99466467,0.0053353803,1589,test
0.94813794,0.051862042,1590,test
0.9960763,0.0039236546,1591,test
0.986615,0.01338497,1592,test
0.99952364,0.00047642688,1593,test
0.8876244,0.11237564,1594,test
0.008462927,0.9915371,1595,test
0.88388604,0.11611395,1596,test
0.99863845,0.0013615945,1597,test
0.97252196,0.027478004,1598,test
0.9760468,0.023953224,1599,test
0.97820437,0.021795625,1600,test
0.0032807058,0.9967193,1601,test
0.9918567,0.0081433095,1602,test
0.95608366,0.04391635,1603,test
0.9828395,0.017160472,1604,test
0.025513025,0.97448695,1605,test
0.0014939323,0.99850607,1606,test
0.9967109,0.003289116,1607,test
0.99884415,0.0011558392,1608,test
0.003772249,0.99622774,1609,test
0.99937695,0.0006231163,1610,test
0.9973272,0.0026728064,1611,test
0.9979699,0.0020300297,1612,test
0.0022742795,0.99772567,1613,test
0.002649539,0.99735045,1614,test
0.93780494,0.062195092,1615,test
0.99021614,0.009783867,1616,test
0.2155743,0.78442574,1617,test
0.8516519,0.14834811,1618,test
0.03320321,0.9667968,1619,test
0.99247676,0.0075231986,1620,test
0.9992773,0.00072270894,1621,test
0.820996,0.179004,1622,test
0.6665604,0.33343956,1623,test
0.99806315,0.0019369031,1624,test
0.9963955,0.0036044884,1625,test
0.96418333,0.035816684,1626,test
0.986299,0.013700987,1627,test
0.005336818,0.9946631,1628,test
0.0028542124,0.99714583,1629,test
0.9950889,0.0049111606,1630,test
0.058316924,0.94168305,1631,test
0.0033547399,0.9966453,1632,test
0.00061421754,0.9993857,1633,test
0.5412574,0.4587426,1634,test
0.99685115,0.0031488638,1635,test
0.73249555,0.26750448,1636,test
0.99897146,0.0010285685,1637,test
0.13486731,0.8651327,1638,test
0.7300984,0.2699016,1639,test
0.015659165,0.98434085,1640,test
0.5526123,0.44738773,1641,test
0.11862083,0.8813791,1642,test
0.9967501,0.0032499358,1643,test
0.99314636,0.0068536145,1644,test
0.00498638,0.99501365,1645,test
0.001436986,0.998563,1646,test
0.95271945,0.04728056,1647,test
0.0056044324,0.9943956,1648,test
0.93997115,0.06002889,1649,test
0.01954499,0.980455,1650,test
0.0058489013,0.99415106,1651,test
0.98665875,0.013341269,1652,test
0.9754744,0.024525562,1653,test
0.003735129,0.9962649,1654,test
0.9921951,0.0078048664,1655,test
0.16885608,0.831144,1656,test
0.0010109029,0.99898905,1657,test
0.0014971615,0.99850285,1658,test
0.002994137,0.9970059,1659,test
0.0026174546,0.9973826,1660,test
0.7126847,0.28731528,1661,test
0.015307935,0.98469204,1662,test
0.9973717,0.0026283395,1663,test
0.99789965,0.0021002954,1664,test
0.99688244,0.003117543,1665,test
0.99962413,0.00037587585,1666,test
0.9822474,0.017752547,1667,test
0.02055105,0.9794489,1668,test
0.99145997,0.00854005,1669,test
0.9997116,0.00028837816,1670,test
0.035847902,0.9641521,1671,test
0.9791126,0.020887446,1672,test
0.005124643,0.9948754,1673,test
0.011535315,0.9884647,1674,test
0.6703417,0.32965833,1675,test
0.30073836,0.69926167,1676,test
0.6919,0.30809996,1677,test
0.99992406,7.594972e-05,1678,test
0.9994869,0.00051303825,1679,test
0.99579936,0.004200602,1680,test
0.0070059844,0.992994,1681,test
0.015700392,0.98429966,1682,test
0.8182943,0.1817057,1683,test
0.97502863,0.024971373,1684,test
0.001999452,0.99800056,1685,test
0.996856,0.0031439967,1686,test
0.05099306,0.9490069,1687,test
0.99947745,0.00052254373,1688,test
0.0163887,0.9836113,1689,test
0.0023452258,0.9976548,1690,test
0.0036940705,0.99630594,1691,test
0.23905629,0.7609437,1692,test
0.023942193,0.9760578,1693,test
0.91530454,0.0846954,1694,test
0.8073155,0.19268447,1695,test
0.90757877,0.092421204,1696,test
0.99591136,0.0040886505,1697,test
0.0070864568,0.99291354,1698,test
0.99781644,0.0021834995,1699,test
0.9827382,0.017261758,1700,test
0.016001293,0.9839987,1701,test
0.037303183,0.96269685,1702,test
0.0058874134,0.99411255,1703,test
0.06037951,0.93962055,1704,test
0.99717534,0.0028246415,1705,test
0.07541241,0.92458767,1706,test
0.016187208,0.9838128,1707,test
0.01059008,0.9894099,1708,test
0.018688913,0.981311,1709,test
0.96931434,0.030685691,1710,test
0.011200395,0.98879963,1711,test
0.99559194,0.0044080517,1712,test
0.026779793,0.97322017,1713,test
0.04115264,0.9588473,1714,test
0.009563676,0.99043626,1715,test
0.014509689,0.9854903,1716,test
0.9846719,0.01532806,1717,test
0.99971217,0.0002877517,1718,test
0.94243795,0.057562076,1719,test
0.011981663,0.9880184,1720,test
0.002418805,0.9975811,1721,test
0.96400994,0.035990097,1722,test
0.14984056,0.8501594,1723,test
0.98466635,0.015333617,1724,test
0.003619583,0.9963804,1725,test
0.0015584535,0.9984415,1726,test
0.999907,9.295357e-05,1727,test
0.005879886,0.99412006,1728,test
0.7947315,0.20526849,1729,test
0.18413894,0.81586105,1730,test
0.9821024,0.017897554,1731,test
0.02304115,0.9769588,1732,test
0.004580034,0.99542,1733,test
0.98715323,0.012846762,1734,test
0.5461084,0.45389158,1735,test
0.9892753,0.010724725,1736,test
0.99641716,0.003582862,1737,test
0.99901843,0.0009815871,1738,test
0.9993118,0.00068819505,1739,test
0.0041439687,0.995856,1740,test
0.9981468,0.0018531986,1741,test
0.005233227,0.99476683,1742,test
0.9899109,0.010089058,1743,test
0.999403,0.0005970067,1744,test
0.99705374,0.0029462369,1745,test
0.94592965,0.0540704,1746,test
0.994306,0.005694022,1747,test
0.002939904,0.9970601,1748,test
0.9849627,0.015037288,1749,test
0.8865366,0.113463365,1750,test
0.002697936,0.99730206,1751,test
0.9950492,0.004950825,1752,test
0.008277867,0.99172217,1753,test
0.002304544,0.9976954,1754,test
0.0063548544,0.9936452,1755,test
0.0050517567,0.99494827,1756,test
0.0022570924,0.9977429,1757,test
0.019881347,0.98011863,1758,test
0.9950046,0.0049954304,1759,test
0.002788778,0.9972113,1760,test
0.0028729872,0.997127,1761,test
0.004544213,0.99545574,1762,test
0.044806838,0.9551932,1763,test
0.9969362,0.0030638333,1764,test
0.14822225,0.85177773,1765,test
0.9984634,0.0015366497,1766,test
0.015696635,0.98430336,1767,test
0.9714065,0.0285935,1768,test
0.9957172,0.0042827465,1769,test
0.009663953,0.99033606,1770,test
0.9968548,0.0031452468,1771,test
0.012455285,0.9875448,1772,test
0.98699886,0.01300114,1773,test
0.018240115,0.9817599,1774,test
0.9358815,0.06411852,1775,test
0.0038273546,0.9961726,1776,test
0.9930368,0.006963219,1777,test
0.018681893,0.98131806,1778,test
0.005131265,0.99486876,1779,test
0.12760416,0.8723959,1780,test
0.0024271067,0.99757284,1781,test
0.9955486,0.0044514174,1782,test
0.0007667142,0.99923325,1783,test
0.0026575057,0.9973425,1784,test
0.005587169,0.99441284,1785,test
0.03065758,0.9693424,1786,test
0.48976323,0.5102368,1787,test
0.0045072376,0.9954927,1788,test
0.22369388,0.77630615,1789,test
0.006064376,0.99393564,1790,test
0.998279,0.001721073,1791,test
0.99950063,0.0004994153,1792,test
0.018515794,0.9814842,1793,test
0.0049469788,0.995053,1794,test
0.23635486,0.7636451,1795,test
0.95159847,0.048401475,1796,test
0.0067133163,0.99328667,1797,test
0.10792609,0.8920739,1798,test
0.9859509,0.014049095,1799,test
0.82982683,0.17017323,1800,test
0.001644548,0.99835545,1801,test
0.9975617,0.0024382619,1802,test
0.0033790253,0.996621,1803,test
0.987563,0.012436973,1804,test
0.8184246,0.1815754,1805,test
0.002333346,0.9976667,1806,test
0.9991291,0.0008709416,1807,test
0.0022077754,0.99779224,1808,test
0.99108136,0.0089186095,1809,test
0.0021838332,0.9978162,1810,test
0.06815211,0.9318479,1811,test
0.27918252,0.7208175,1812,test
0.99868864,0.0013113805,1813,test
0.49916908,0.50083095,1814,test
0.99250895,0.0074910996,1815,test
0.9678207,0.032179292,1816,test
0.9992606,0.00073936465,1817,test
0.011698626,0.98830134,1818,test
0.9938211,0.0061789304,1819,test
0.029070335,0.9709297,1820,test
0.49552438,0.50447565,0,validation
0.013022574,0.9869774,1,validation
0.01326898,0.98673105,2,validation
0.9974589,0.0025411474,3,validation
0.7284992,0.27150086,4,validation
0.073116235,0.9268838,5,validation
0.99781126,0.0021888274,6,validation
0.021745479,0.97825456,7,validation
0.97809875,0.021901274,8,validation
0.9662552,0.033744868,9,validation
0.009569562,0.9904304,10,validation
0.009056145,0.99094385,11,validation
0.9978199,0.0021800613,12,validation
0.009982882,0.9900171,13,validation
0.0015776963,0.99842227,14,validation
0.006107841,0.9938922,15,validation
0.051318344,0.9486817,16,validation
0.0024974036,0.9975026,17,validation
0.54771745,0.4522826,18,validation
0.058130603,0.9418694,19,validation
0.0100581115,0.9899419,20,validation
0.9991984,0.0008016485,21,validation
0.9990108,0.0009891168,22,validation
0.0010412271,0.9989587,23,validation
0.03831578,0.9616842,24,validation
0.99864644,0.0013535182,25,validation
0.0027922888,0.9972077,26,validation
0.0022495247,0.99775046,27,validation
0.9752296,0.024770403,28,validation
0.98827714,0.011722859,29,validation
0.99934024,0.0006597526,30,validation
0.024865907,0.97513413,31,validation
0.0010104255,0.9989895,32,validation
0.9072154,0.09278462,33,validation
0.9048669,0.0951331,34,validation
0.024800127,0.9751999,35,validation
0.0048926896,0.9951073,36,validation
0.008978995,0.991021,37,validation
0.020844052,0.9791559,38,validation
0.996068,0.0039320127,39,validation
0.99836487,0.0016351724,40,validation
0.9724426,0.027557427,41,validation
0.9781536,0.021846365,42,validation
0.0027150384,0.997285,43,validation
0.98356193,0.016438074,44,validation
0.9993437,0.0006563228,45,validation
0.089688145,0.9103118,46,validation
0.99920744,0.00079264905,47,validation
0.98447615,0.015523896,48,validation
0.014370437,0.9856295,49,validation
0.20576923,0.79423076,50,validation
0.09447875,0.9055213,51,validation
0.06989288,0.9301071,52,validation
0.0014500624,0.9985499,53,validation
0.99941957,0.0005804454,54,validation
0.015855953,0.9841441,55,validation
0.9994203,0.00057970756,56,validation
0.010827791,0.9891722,57,validation
0.014933037,0.985067,58,validation
0.009939601,0.99006045,59,validation
0.0022236344,0.9977763,60,validation
0.9989868,0.001013211,61,validation
0.9916047,0.008395303,62,validation
0.041995008,0.958005,63,validation
0.9994124,0.00058762706,64,validation
0.57305896,0.426941,65,validation
0.992969,0.0070309574,66,validation
0.99957865,0.00042134384,67,validation
0.0006725041,0.99932754,68,validation
0.00295587,0.99704415,69,validation
0.9963814,0.0036185826,70,validation
0.004502554,0.99549747,71,validation
0.78698653,0.2130135,72,validation
0.99581194,0.004188059,73,validation
0.99053127,0.009468766,74,validation
0.0080196755,0.9919803,75,validation
0.005340183,0.99465984,76,validation
0.0021262052,0.9978738,77,validation
0.0027699524,0.99723,78,validation
0.010290413,0.98970956,79,validation
0.99491113,0.0050889286,80,validation
0.88678664,0.11321339,81,validation
0.98182356,0.018176472,82,validation
0.9849187,0.015081296,83,validation
0.9868731,0.013126928,84,validation
0.9948797,0.005120218,85,validation
0.0022956172,0.99770445,86,validation
0.0063083987,0.99369156,87,validation
0.9654629,0.034537125,88,validation
0.021665933,0.97833407,89,validation
0.9991899,0.00081009633,90,validation
0.004768157,0.9952318,91,validation
0.004307242,0.9956928,92,validation
0.9927154,0.007284618,93,validation
0.9773441,0.022655876,94,validation
0.9687806,0.031219456,95,validation
0.0050192256,0.99498075,96,validation
0.99094254,0.00905743,97,validation
0.8091277,0.19087227,98,validation
0.00234466,0.9976553,99,validation
0.9994536,0.0005463748,100,validation
0.98952484,0.010475114,101,validation
0.0023569728,0.99764305,102,validation
0.0029280041,0.997072,103,validation
0.0017924204,0.99820757,104,validation
0.7818754,0.21812458,105,validation
0.9895662,0.010433756,106,validation
0.0035563004,0.9964437,107,validation
0.86241454,0.13758542,108,validation
0.017139422,0.98286057,109,validation
0.98989886,0.010101162,110,validation
0.0017964329,0.9982035,111,validation
0.9870465,0.0129535,112,validation
0.7289676,0.27103242,113,validation
0.90614367,0.093856335,114,validation
0.99495655,0.005043454,115,validation
0.8751388,0.124861225,116,validation
0.5578786,0.44212133,117,validation
0.0027613174,0.99723864,118,validation
0.9964227,0.0035772845,119,validation
0.004906796,0.9950932,120,validation
0.8010772,0.19892281,121,validation
0.004807421,0.99519265,122,validation
0.9647571,0.03524296,123,validation
0.86338466,0.13661537,124,validation
0.19274573,0.8072542,125,validation
0.99465394,0.005346062,126,validation
0.99668723,0.0033128003,127,validation
0.99593604,0.004064,128,validation
0.004674334,0.9953257,129,validation
0.01803686,0.98196316,130,validation
0.027088135,0.9729119,131,validation
0.015051647,0.98494834,132,validation
0.08294365,0.9170564,133,validation
0.96821725,0.031782765,134,validation
0.90807766,0.09192235,135,validation
0.9938069,0.006193131,136,validation
0.025142072,0.974858,137,validation
0.9993886,0.0006114277,138,validation
0.004702885,0.99529713,139,validation
0.004255223,0.99574476,140,validation
0.7324174,0.26758263,141,validation
0.9315714,0.06842859,142,validation
0.006128285,0.9938717,143,validation
0.019714193,0.9802859,144,validation
0.9998524,0.00014756974,145,validation
0.005009027,0.994991,146,validation
0.002667165,0.9973328,147,validation
0.96143657,0.03856349,148,validation
0.9983835,0.0016164714,149,validation
0.63628775,0.36371228,150,validation
0.0074558817,0.9925442,151,validation
0.9987709,0.0012291061,152,validation
0.99935454,0.00064545387,153,validation
0.9980259,0.0019741582,154,validation
0.99515885,0.004841125,155,validation
0.005871021,0.99412894,156,validation
0.017447822,0.9825522,157,validation
0.0077009834,0.992299,158,validation
0.37735906,0.62264097,159,validation
0.070238546,0.9297614,160,validation
0.62113094,0.37886906,161,validation
0.009185001,0.990815,162,validation
0.04155767,0.9584423,163,validation
0.96195936,0.03804058,164,validation
0.0016782824,0.9983217,165,validation
0.046273433,0.9537266,166,validation
0.99758863,0.0024113262,167,validation
0.07110492,0.92889506,168,validation
0.0037865099,0.9962135,169,validation
0.0048085684,0.99519145,170,validation
0.99874324,0.0012568042,171,validation
0.005679349,0.99432063,172,validation
0.964526,0.035473995,173,validation
0.99951196,0.00048807528,174,validation
0.2587555,0.74124444,175,validation
0.0025717071,0.99742824,176,validation
0.99958116,0.00041880942,177,validation
0.0063679293,0.99363214,178,validation
0.78557235,0.21442764,179,validation
0.43179613,0.56820387,180,validation
0.99196106,0.008038985,181,validation
0.007114507,0.99288553,182,validation
0.9992349,0.00076510204,183,validation
0.044193592,0.9558064,184,validation
0.99112976,0.008870299,185,validation
0.9993019,0.00069809065,186,validation
0.9140022,0.08599786,187,validation
0.9932927,0.0067072962,188,validation
0.120908745,0.87909126,189,validation
0.006419356,0.9935807,190,validation
0.9548403,0.04515967,191,validation
0.13691114,0.86308885,192,validation
0.9990758,0.0009241746,193,validation
0.011259935,0.98874,194,validation
0.50094813,0.49905184,195,validation
0.0069199684,0.9930801,196,validation
0.004317926,0.9956821,197,validation
0.019438481,0.98056155,198,validation
0.0294899,0.9705101,199,validation
0.015764061,0.9842359,200,validation
0.07082991,0.9291701,201,validation
0.002983931,0.9970161,202,validation
0.9987368,0.0012632182,203,validation
0.99953294,0.00046709893,204,validation
0.99937373,0.0006262852,205,validation
0.069727324,0.93027264,206,validation
0.24086387,0.75913614,207,validation
0.9921653,0.007834644,208,validation
0.9994142,0.0005858676,209,validation
0.9990723,0.000927685,210,validation
0.98852134,0.011478619,211,validation
0.97302926,0.026970707,212,validation
0.011201573,0.98879844,213,validation
0.9975617,0.0024383247,214,validation
0.9987086,0.0012914214,215,validation
0.018383805,0.98161614,216,validation
0.88189685,0.118103206,217,validation
0.00824858,0.9917514,218,validation
0.0106522795,0.9893477,219,validation
0.9878015,0.0121984705,220,validation
0.012989105,0.98701096,221,validation
0.018445963,0.98155403,222,validation
0.03608703,0.96391296,223,validation
0.06175934,0.93824065,224,validation
0.020350693,0.97964936,225,validation
0.0068403133,0.99315965,226,validation
0.016787726,0.9832123,227,validation
0.008821218,0.9911788,228,validation
0.03958174,0.9604182,229,validation
0.9942741,0.0057258904,230,validation
0.008002514,0.99199754,231,validation
0.24490102,0.755099,232,validation
0.64600724,0.35399276,233,validation
0.9913651,0.008634948,234,validation
0.9484166,0.05158345,235,validation
0.9972396,0.0027603908,236,validation
0.010515949,0.989484,237,validation
0.9993549,0.0006451609,238,validation
0.013956215,0.9860438,239,validation
0.99936634,0.00063368893,240,validation
0.03669737,0.9633027,241,validation
0.9976699,0.0023300601,242,validation
0.015698683,0.9843014,243,validation
0.013300401,0.9866996,244,validation
0.005316833,0.9946832,245,validation
0.9988218,0.001178132,246,validation
0.004492707,0.99550724,247,validation
0.9992447,0.0007553149,248,validation
0.025865804,0.97413427,249,validation
0.017337563,0.98266244,250,validation
0.97895974,0.021040242,251,validation
0.0063068056,0.99369323,252,validation
0.9996147,0.0003852026,253,validation
0.99448436,0.005515563,254,validation
0.9996125,0.00038756483,255,validation
0.0061721206,0.9938279,256,validation
0.9914963,0.008503742,257,validation
0.99875975,0.0012402927,258,validation
0.9656573,0.03434268,259,validation
0.015852569,0.9841474,260,validation
0.99926466,0.00073529006,261,validation
0.0034930112,0.996507,262,validation
0.9901093,0.0098907435,263,validation
0.037088536,0.9629114,264,validation
0.013880915,0.98611903,265,validation
0.9974446,0.0025554372,266,validation
0.99956304,0.00043690126,267,validation
0.0037783254,0.99622166,268,validation
0.03996173,0.96003824,269,validation
0.13983682,0.86016315,270,validation
0.936458,0.06354205,271,validation
0.99619186,0.0038081773,272,validation
0.025541658,0.97445834,273,validation
0.9906026,0.0093973605,274,validation
0.9986481,0.0013519033,275,validation
0.16787909,0.8321209,276,validation
0.05019905,0.94980097,277,validation
0.0056935786,0.9943064,278,validation
0.9984854,0.0015146242,279,validation
0.015374616,0.98462546,280,validation
0.007025241,0.99297476,281,validation
0.9982906,0.0017094413,282,validation
0.006449184,0.9935508,283,validation
0.009648349,0.9903516,284,validation
0.0046826536,0.99531734,285,validation
0.018798415,0.9812015,286,validation
0.14484565,0.8551544,287,validation
0.9977896,0.0022103335,288,validation
0.9625024,0.037497588,289,validation
0.006244176,0.9937558,290,validation
0.9984314,0.0015686422,291,validation
0.9968354,0.003164557,292,validation
0.9970118,0.0029882495,293,validation
0.40124744,0.59875256,294,validation
0.98284495,0.017155068,295,validation
0.0118943965,0.98810554,296,validation
0.9930333,0.006966741,297,validation
0.006436233,0.9935638,298,validation
0.0045534475,0.9954465,299,validation
0.9952179,0.0047821533,300,validation
0.96842927,0.031570695,301,validation
0.010082926,0.9899171,302,validation
0.0034104998,0.99658954,303,validation
0.009567842,0.9904322,304,validation
0.96446514,0.03553491,305,validation
0.011936261,0.98806375,306,validation
0.99914503,0.00085490214,307,validation
0.98949033,0.01050968,308,validation
0.9942948,0.005705193,309,validation
0.006322418,0.99367756,310,validation
0.011800164,0.98819983,311,validation
0.97949994,0.020500096,312,validation
0.004032336,0.9959676,313,validation
0.9883717,0.011628307,314,validation
0.005182967,0.9948171,315,validation
0.100272864,0.89972717,316,validation
0.99747425,0.0025257056,317,validation
0.993926,0.0060739974,318,validation
0.005132248,0.9948677,319,validation
0.0047996338,0.9952004,320,validation
0.0034403214,0.9965597,321,validation
0.9997713,0.00022871615,322,validation
0.99706775,0.002932222,323,validation
0.0020116474,0.99798834,324,validation
0.012646323,0.9873537,325,validation
0.9637881,0.03621189,326,validation
0.9959157,0.004084245,327,validation
0.005207772,0.99479216,328,validation
0.9925964,0.007403599,329,validation
0.9983923,0.001607655,330,validation
0.99893266,0.0010673159,331,validation
0.0095639285,0.990436,332,validation
0.99875844,0.0012416095,333,validation
0.99117434,0.008825605,334,validation
0.0070280028,0.9929721,335,validation
0.1631183,0.83688164,336,validation
0.98210263,0.017897395,337,validation
0.037408084,0.9625919,338,validation
0.010056147,0.98994386,339,validation
0.90898776,0.09101223,340,validation
0.99970585,0.0002941719,341,validation
0.040186998,0.959813,342,validation
0.9211199,0.078880094,343,validation
0.08535978,0.9146402,344,validation
0.997244,0.0027560494,345,validation
0.006943437,0.9930566,346,validation
0.019906597,0.9800934,347,validation
0.0031149804,0.996885,348,validation
0.002162065,0.99783796,349,validation
0.99937624,0.00062384125,350,validation
0.003849656,0.9961504,351,validation
0.0088807605,0.9911192,352,validation
0.9992675,0.0007324765,353,validation
0.99848396,0.001516088,354,validation
0.9994443,0.000555705,355,validation
0.99952626,0.00047372357,356,validation
0.9802563,0.019743662,357,validation
0.08598459,0.9140155,358,validation
0.094536535,0.90546346,359,validation
0.01429194,0.98570806,360,validation
0.012637272,0.98736274,361,validation
0.73775387,0.26224613,362,validation
0.0030637602,0.9969362,363,validation
0.9372908,0.06270926,364,validation
0.90271205,0.09728796,365,validation
0.99752265,0.0024773462,366,validation
0.97839886,0.021601103,367,validation
0.34864882,0.6513512,368,validation
0.022419395,0.97758055,369,validation
0.06802768,0.93197227,370,validation
0.9892105,0.010789514,371,validation
0.002838327,0.99716175,372,validation
0.9963671,0.0036328752,373,validation
0.9722908,0.027709235,374,validation
0.7981047,0.2018953,375,validation
0.43085834,0.5691417,376,validation
0.0064744153,0.9935256,377,validation
0.021954248,0.9780457,378,validation
0.98602295,0.013977093,379,validation
0.0027641368,0.99723583,380,validation
0.002919154,0.99708086,381,validation
0.96496516,0.035034906,382,validation
0.15590388,0.8440961,383,validation
0.0060514132,0.9939486,384,validation
0.9972149,0.002785107,385,validation
0.45186448,0.5481355,386,validation
0.020587057,0.9794129,387,validation
0.9915399,0.0084600905,388,validation
0.0077514797,0.99224854,389,validation
0.98994595,0.010053986,390,validation
0.015491513,0.9845085,391,validation
0.99967563,0.00032440896,392,validation
0.64960855,0.35039142,393,validation
0.0042147674,0.9957852,394,validation
0.011110042,0.98888993,395,validation
0.0115928585,0.9884071,396,validation
0.0046023037,0.99539775,397,validation
0.9805031,0.019496907,398,validation
0.97526205,0.024737932,399,validation
0.9974099,0.0025901045,400,validation
0.76737726,0.23262279,401,validation
0.20325609,0.7967439,402,validation
0.8595867,0.14041327,403,validation
0.8931511,0.10684895,404,validation
0.0035861386,0.9964139,405,validation
0.008341875,0.99165815,406,validation
0.6090705,0.39092952,407,validation
0.99915004,0.0008499573,408,validation
0.9985108,0.0014892096,409,validation
0.98305064,0.01694941,410,validation
0.0060115485,0.9939884,411,validation
0.48773146,0.51226854,412,validation
0.9976815,0.0023184482,413,validation
0.99946314,0.00053688936,414,validation
0.099155,0.900845,415,validation
0.0060618585,0.9939381,416,validation
0.9996457,0.0003542838,417,validation
0.9986259,0.0013741298,418,validation
0.99952555,0.00047450818,419,validation
0.0039958977,0.99600416,420,validation
0.91692203,0.08307794,421,validation
0.0058090435,0.9941909,422,validation
0.010021041,0.9899789,423,validation
0.05041954,0.94958043,424,validation
0.96157837,0.038421623,425,validation
0.0068761823,0.9931238,426,validation
0.009483805,0.9905161,427,validation
0.9949202,0.0050798296,428,validation
0.13860935,0.86139065,429,validation
0.0063090716,0.99369097,430,validation
0.9992281,0.0007718885,431,validation
0.0021877112,0.9978123,432,validation
0.0074758674,0.9925242,433,validation
0.0045938855,0.99540615,434,validation
0.99774003,0.0022599373,435,validation
0.993379,0.006620944,436,validation
0.9755349,0.024465082,437,validation
0.52210677,0.4778932,438,validation
0.9981567,0.0018432129,439,validation
0.98662865,0.013371337,440,validation
0.008476422,0.9915236,441,validation
0.9876516,0.012348424,442,validation
0.22658038,0.7734196,443,validation
0.15549678,0.84450316,444,validation
0.52956426,0.4704358,445,validation
0.77582645,0.22417355,446,validation
0.017329726,0.98267025,447,validation
0.9987896,0.0012103595,448,validation
0.98696923,0.013030716,449,validation
0.006543005,0.993457,450,validation
0.99242216,0.0075778547,451,validation
0.01655393,0.98344606,452,validation
0.97095585,0.029044127,453,validation
0.99634737,0.003652697,454,validation
0.9913822,0.00861782,455,validation
0.9981104,0.0018896196,456,validation
0.011952704,0.98804724,457,validation
0.006764671,0.9932353,458,validation
0.005492357,0.9945076,459,validation
0.93401724,0.06598271,460,validation
0.0036595091,0.9963405,461,validation
0.99253666,0.007463317,462,validation
0.0066427356,0.99335724,463,validation
0.009311064,0.9906889,464,validation
0.0036642097,0.99633574,465,validation
0.0024686125,0.9975314,466,validation
0.99918014,0.00081983715,467,validation
0.05476595,0.94523406,468,validation
0.004899911,0.9951001,469,validation
0.9859239,0.014076123,470,validation
0.06650022,0.93349975,471,validation
0.0035250527,0.9964749,472,validation
0.01785567,0.98214436,473,validation
0.9958117,0.0041882936,474,validation
0.55708134,0.44291866,475,validation
0.007066722,0.9929333,476,validation
0.9736008,0.026399195,477,validation
0.96673644,0.033263512,478,validation
0.99113125,0.008868732,479,validation
0.99940634,0.0005936623,480,validation
0.011457369,0.9885427,481,validation
0.009576661,0.9904233,482,validation
0.009424022,0.9905759,483,validation
0.9896348,0.010365138,484,validation
0.086891145,0.9131089,485,validation
0.9975752,0.0024247875,486,validation
0.008228491,0.9917715,487,validation
0.0034219983,0.99657804,488,validation
0.9986363,0.0013636259,489,validation
0.9747049,0.025295084,490,validation
0.13773397,0.86226606,491,validation
0.9974396,0.0025603399,492,validation
0.005717449,0.9942826,493,validation
0.0080567915,0.99194324,494,validation
0.9718525,0.028147478,495,validation
0.99636686,0.003633115,496,validation
0.008736836,0.99126315,497,validation
0.9892811,0.01071892,498,validation
0.8405707,0.15942927,499,validation
0.99950445,0.00049553777,500,validation
0.0042307884,0.99576926,501,validation
0.99638903,0.0036110363,502,validation
0.023098903,0.9769011,503,validation
0.9975553,0.0024447122,504,validation
0.19761094,0.802389,505,validation
0.00820293,0.9917971,506,validation
0.99162817,0.008371883,507,validation
0.008205534,0.9917945,508,validation
0.009884069,0.99011594,509,validation
0.002052542,0.9979475,510,validation
0.0031285018,0.99687153,511,validation
0.99523646,0.0047635227,512,validation
0.99813676,0.0018632201,513,validation
0.0075024096,0.9924975,514,validation
0.99669445,0.0033055688,515,validation
0.006710677,0.9932893,516,validation
0.0073457155,0.9926543,517,validation
0.009588333,0.9904117,518,validation
0.9615042,0.038495783,519,validation
0.9950616,0.0049384423,520,validation
0.9979031,0.0020968704,521,validation
0.93550295,0.06449703,522,validation
0.010736459,0.9892636,523,validation
0.002458012,0.997542,524,validation
0.9952506,0.0047494336,525,validation
0.68626565,0.31373435,526,validation
0.0017558853,0.99824417,527,validation
0.20316726,0.79683274,528,validation
0.007967375,0.99203265,529,validation
0.528406,0.47159404,530,validation
0.9981115,0.0018885696,531,validation
0.0041456553,0.9958544,532,validation
0.6587427,0.3412573,533,validation
0.28566816,0.71433187,534,validation
0.003223598,0.9967764,535,validation
0.0059511145,0.99404895,536,validation
0.98283535,0.01716468,537,validation
0.9987305,0.0012694558,538,validation
0.9907865,0.009213462,539,validation
0.8342426,0.16575736,540,validation
0.048537362,0.95146257,541,validation
0.99697685,0.0030231234,542,validation
0.98574233,0.0142577225,543,validation
0.0018091582,0.9981908,544,validation
0.9952069,0.004793117,545,validation
0.0053707366,0.9946293,546,validation
0.19454925,0.8054508,547,validation
0.04600221,0.95399785,548,validation
0.0267043,0.9732957,549,validation
0.95912915,0.04087083,550,validation
0.0036110943,0.9963889,551,validation
0.99230826,0.007691737,552,validation
0.99722916,0.0027707797,553,validation
0.99810576,0.0018941755,554,validation
0.98956364,0.010436435,555,validation
0.9963425,0.003657446,556,validation
0.009359193,0.9906408,557,validation
0.99642867,0.0035714002,558,validation
0.01592726,0.98407274,559,validation
0.0073399735,0.9926601,560,validation
0.4389377,0.56106234,561,validation
0.009037071,0.9909629,562,validation
0.378554,0.621446,563,validation
0.0073853196,0.99261475,564,validation
0.0024102698,0.9975897,565,validation
0.09744034,0.9025597,566,validation
0.9988023,0.0011976698,567,validation
0.008259294,0.9917407,568,validation
0.012669632,0.98733044,569,validation
0.9897086,0.010291399,570,validation
0.31077802,0.689222,571,validation
0.9978097,0.0021903152,572,validation
0.0028004555,0.99719954,573,validation
0.9149473,0.08505272,574,validation
0.99932945,0.0006705569,575,validation
0.9986981,0.0013019126,576,validation
0.99476755,0.005232469,577,validation
0.9476048,0.05239515,578,validation
0.993628,0.006372022,579,validation
0.02276903,0.9772309,580,validation
0.9900804,0.009919536,581,validation
0.007592169,0.9924078,582,validation
0.9986185,0.0013814546,583,validation
0.9965083,0.0034916839,584,validation
0.99364084,0.006359173,585,validation
0.01706136,0.98293865,586,validation
0.0049211374,0.9950788,587,validation
0.99663,0.0033699917,588,validation
0.0072913966,0.9927086,589,validation
0.08686965,0.91313034,590,validation
0.011523119,0.9884769,591,validation
0.98959494,0.010405137,592,validation
0.0071049198,0.99289507,593,validation
0.008845658,0.9911543,594,validation
0.026900394,0.9730996,595,validation
0.9890882,0.010911865,596,validation
0.021702895,0.9782971,597,validation
0.004363781,0.9956363,598,validation
0.99609154,0.0039084717,599,validation
0.9900384,0.00996168,600,validation
0.0049956916,0.99500436,601,validation
0.9959521,0.004047812,602,validation
0.008490123,0.9915099,603,validation
0.98654735,0.013452622,604,validation
0.9568133,0.043186724,605,validation
0.013278953,0.98672104,606,validation
0.92298627,0.077013694,607,validation
0.99553925,0.0044607036,608,validation
0.99546,0.004540018,609,validation
0.996083,0.003916935,610,validation
0.0026869744,0.99731296,611,validation
0.99583745,0.004162596,612,validation
0.010790908,0.9892091,613,validation
0.0014287357,0.9985713,614,validation
0.49615684,0.5038432,615,validation
0.9841107,0.015889324,616,validation
0.8974802,0.10251982,617,validation
0.9933303,0.0066696736,618,validation
0.98114955,0.01885046,619,validation
0.004062989,0.995937,620,validation
0.003972038,0.99602795,621,validation
0.75986385,0.2401362,622,validation
0.0025313233,0.9974687,623,validation
0.9071526,0.09284738,624,validation
0.0017488094,0.99825114,625,validation
0.9915677,0.008432324,626,validation
0.01099156,0.98900837,627,validation
0.014289871,0.98571014,628,validation
0.0044068424,0.99559313,629,validation
0.996024,0.0039759637,630,validation
0.9900149,0.009985078,631,validation
0.005820539,0.9941795,632,validation
0.97989273,0.020107243,633,validation
0.008009469,0.9919905,634,validation
0.9987411,0.0012589007,635,validation
0.11205803,0.88794196,636,validation
0.0027048525,0.9972952,637,validation
0.0043051685,0.99569476,638,validation
0.73007923,0.2699208,639,validation
0.0016710199,0.998329,640,validation
0.0026541068,0.99734586,641,validation
0.0029555636,0.9970444,642,validation
0.009598294,0.9904017,643,validation
0.0024334316,0.9975666,644,validation
0.9974662,0.002533744,645,validation
0.0038684777,0.99613154,646,validation
0.9063958,0.09360415,647,validation
0.0014823999,0.9985176,648,validation
0.47212029,0.5278798,649,validation
0.87508386,0.1249162,650,validation
0.99816185,0.001838143,651,validation
0.0123677,0.9876323,652,validation
0.99538004,0.004620003,653,validation
0.99862874,0.0013712647,654,validation
0.9904759,0.009524037,655,validation
0.96444494,0.03555503,656,validation
0.06971972,0.93028027,657,validation
0.82605433,0.17394565,658,validation
0.97773063,0.022269376,659,validation
0.6684959,0.33150408,660,validation
0.9910794,0.008920595,661,validation
0.99808586,0.0019141821,662,validation
0.0015576927,0.99844235,663,validation
0.6452268,0.35477322,664,validation
0.70390207,0.29609793,665,validation
0.99351597,0.0064840913,666,validation
0.01076166,0.9892384,667,validation
0.008591377,0.99140865,668,validation
0.07430818,0.9256918,669,validation
0.9988255,0.0011744619,670,validation
0.0017897112,0.9982103,671,validation
0.9951599,0.0048400695,672,validation
0.9955166,0.0044834553,673,validation
0.022118907,0.9778811,674,validation
0.002413687,0.99758637,675,validation
0.95403486,0.04596516,676,validation
0.004671843,0.9953282,677,validation
0.8548205,0.14517957,678,validation
0.0013343189,0.9986657,679,validation
0.0016143058,0.99838567,680,validation
0.99535453,0.0046454296,681,validation
0.9087575,0.091242455,682,validation
0.0047262446,0.99527377,683,validation
0.0029084645,0.99709153,684,validation
0.004089322,0.99591064,685,validation
0.9586538,0.041346163,686,validation
0.9960217,0.0039783306,687,validation
0.9995215,0.00047856546,688,validation
0.97176784,0.028232211,689,validation
0.0013714749,0.9986285,690,validation
0.9923672,0.007632821,691,validation
0.9232023,0.07679779,692,validation
0.060650896,0.93934906,693,validation
0.99106616,0.0089338925,694,validation
0.99579215,0.0042078323,695,validation
0.99256825,0.0074318233,696,validation
0.99802136,0.0019786044,697,validation
0.99110305,0.0088969935,698,validation
0.06836108,0.9316389,699,validation
0.6514131,0.3485869,700,validation
0.9891261,0.010873883,701,validation
0.99677783,0.0032221628,702,validation
0.013989833,0.9860102,703,validation
0.0026556107,0.99734443,704,validation
0.88672227,0.113277756,705,validation
0.0032635569,0.99673647,706,validation
0.9985752,0.001424779,707,validation
0.99892837,0.0010716143,708,validation
0.97183955,0.028160464,709,validation
0.004895045,0.9951049,710,validation
0.034115907,0.96588415,711,validation
0.9938623,0.0061377664,712,validation
0.98135984,0.018640101,713,validation
0.9970812,0.0029188155,714,validation
0.3465455,0.6534545,715,validation
0.85454774,0.14545223,716,validation
0.04445403,0.95554596,717,validation
0.8023896,0.19761036,718,validation
0.95835894,0.041641068,719,validation
0.99660695,0.0033931197,720,validation
0.99780136,0.002198649,721,validation
0.99409205,0.0059078895,722,validation
0.0030173552,0.99698263,723,validation
0.0021025804,0.9978974,724,validation
0.0029651374,0.9970349,725,validation
0.99348855,0.0065114996,726,validation
0.017715568,0.9822844,727,validation
0.0005406226,0.9994593,728,validation
0.035048705,0.9649513,729,validation
0.9770288,0.022971205,730,validation
0.61057,0.38942996,731,validation
0.99671495,0.0032851184,732,validation
0.9990422,0.00095773727,733,validation
0.99949896,0.00050107925,734,validation
0.005035803,0.99496424,735,validation
0.9979297,0.00207036,736,validation
0.9830688,0.016931208,737,validation
0.8197746,0.18022534,738,validation
0.99761415,0.0023858263,739,validation
0.0041527064,0.9958473,740,validation
0.81162167,0.18837838,741,validation
0.00267847,0.99732155,742,validation
0.0008264935,0.99917346,743,validation
0.0077137295,0.9922863,744,validation
0.958021,0.04197903,745,validation
0.079992555,0.92000747,746,validation
0.987988,0.012012013,747,validation
0.0036754762,0.9963245,748,validation
0.0029580798,0.9970419,749,validation
0.0052067,0.99479324,750,validation
0.9837593,0.016240755,751,validation
0.00062472123,0.9993753,752,validation
0.8984169,0.10158313,753,validation
0.9990613,0.00093869184,754,validation
0.09225983,0.9077401,755,validation
0.11628922,0.8837108,756,validation
0.732653,0.26734698,757,validation
0.98932207,0.010677995,758,validation
0.0017027168,0.9982973,759,validation
0.9951251,0.00487486,760,validation
0.9887277,0.01127229,761,validation
0.0038257665,0.9961743,762,validation
0.0430384,0.95696163,763,validation
0.0017505899,0.9982494,764,validation
0.00038741704,0.9996126,765,validation
0.8491987,0.1508013,766,validation
0.0057185437,0.9942814,767,validation
0.009959491,0.9900405,768,validation
0.34719437,0.65280557,769,validation
0.020767618,0.9792324,770,validation
0.005076664,0.9949234,771,validation
0.003656982,0.99634296,772,validation
0.9971017,0.0028982745,773,validation
0.9993266,0.0006734305,774,validation
0.99743253,0.0025674931,775,validation
0.011429352,0.98857063,776,validation
0.99976844,0.00023155256,777,validation
0.0055297366,0.99447024,778,validation
0.99870396,0.0012960298,779,validation
0.99939287,0.00060717395,780,validation
0.022960784,0.9770393,781,validation
0.71666515,0.28333485,782,validation
0.013579786,0.9864202,783,validation
0.01254648,0.9874535,784,validation
0.051569268,0.9484307,785,validation
0.92364097,0.076359004,786,validation
0.9983138,0.0016861734,787,validation
0.007848924,0.99215114,788,validation
0.9977448,0.0022552267,789,validation
0.9796363,0.020363651,790,validation
0.9758337,0.0241663,791,validation
0.0054345364,0.9945655,792,validation
0.9988979,0.0011020278,793,validation
0.0045928997,0.9954071,794,validation
0.040477704,0.95952225,795,validation
0.8570038,0.1429962,796,validation
0.97155446,0.028445566,797,validation
0.003214936,0.99678504,798,validation
0.9856193,0.014380652,799,validation
0.009731389,0.9902686,800,validation
0.9866448,0.013355218,801,validation
0.8653975,0.13460246,802,validation
0.0069030793,0.9930969,803,validation
0.996914,0.0030859758,804,validation
0.07887769,0.9211224,805,validation
0.02177994,0.9782201,806,validation
0.005033051,0.9949669,807,validation
0.95852345,0.041476566,808,validation
0.072446376,0.92755365,809,validation
0.9989736,0.0010264158,810,validation
0.007970689,0.9920293,811,validation
0.007984251,0.9920157,812,validation
0.0075189606,0.9924811,813,validation
0.9980927,0.0019073345,814,validation
0.00562639,0.99437356,815,validation
0.012459361,0.98754066,816,validation
0.017461706,0.9825382,817,validation
0.9992267,0.0007733109,818,validation
0.9224721,0.07752795,819,validation
0.92004544,0.079954594,820,validation
0.9970196,0.0029803838,821,validation
0.037671242,0.96232873,822,validation
0.7071679,0.29283208,823,validation
0.0038596455,0.9961403,824,validation
0.9996226,0.00037733687,825,validation
0.99178314,0.008216801,826,validation
0.9736222,0.026377866,827,validation
0.010348848,0.9896512,828,validation
0.015324468,0.98467547,829,validation
0.9980817,0.0019183462,830,validation
0.96156096,0.03843906,831,validation
0.98061097,0.019389065,832,validation
0.9981774,0.0018226384,833,validation
0.22951365,0.77048635,834,validation
0.99876827,0.001231644,835,validation
0.9947771,0.005222932,836,validation
0.9888216,0.011178316,837,validation
0.007204926,0.99279505,838,validation
0.002866191,0.99713385,839,validation
0.0065716854,0.9934283,840,validation
0.946732,0.053268027,841,validation
0.01867615,0.9813238,842,validation
0.0026785238,0.99732155,843,validation
0.041176267,0.95882374,844,validation
0.32636997,0.67363,845,validation
0.3696498,0.63035023,846,validation
0.0055150976,0.99448484,847,validation
0.9996848,0.00031519312,848,validation
0.01327643,0.9867236,849,validation
0.99453884,0.0054611154,850,validation
0.9052605,0.094739504,851,validation
0.9994802,0.000519871,852,validation
0.0031091413,0.99689084,853,validation
0.9788592,0.021140778,854,validation
0.0024896243,0.9975103,855,validation
0.031506818,0.9684932,856,validation
0.060612794,0.93938714,857,validation
0.9896158,0.010384236,858,validation
0.025384946,0.97461504,859,validation
0.01095224,0.9890478,860,validation
0.99993706,6.2921055e-05,861,validation
0.0057314965,0.99426854,862,validation
0.999374,0.00062606856,863,validation
0.88745207,0.11254793,864,validation
0.92732745,0.072672494,865,validation
0.003421156,0.9965789,866,validation
0.027907178,0.9720928,867,validation
0.003789664,0.99621034,868,validation
0.6289408,0.3710592,869,validation
0.41134125,0.5886588,870,validation
0.019990757,0.98000926,871,validation
